0.029	0.488
0.044	0.586
0.029	0.342
0.059	0.195
0.029	0.244
0.029	0.293
0.059	0.342
0.059	0.244
0.059	0.342
0.073	0.244
0.073	0.342
0.103	0.342
0.132	0.439
0.146	0.391
0.103	0.342
0.161	0.293
0.176	0.098
0.176	0.439
0.205	0.439
0.190	0.391
0.220	0.244
0.234	0.439
0.249	0.586
0.293	0.342
0.293	0.342
0.278	0.488
0.278	0.537
0.293	0.488
0.322	0.342
0.322	0.586
0.337	0.439
0.410	0.684
0.396	0.635
0.410	0.537
0.425	0.488
0.410	0.635
0.439	0.684
0.454	0.684
0.454	0.732
0.469	0.830
0.498	0.732
0.498	0.830
0.542	0.830
0.527	0.732
0.527	0.830
0.571	0.928
0.586	1.025
0.586	1.221
0.615	1.025
0.630	1.123
0.659	0.977
0.645	1.074
0.645	1.123
0.703	1.172
0.688	1.221
0.718	1.123
0.718	1.270
0.747	1.514
0.762	1.416
0.776	1.318
0.776	1.221
0.806	1.416
0.791	1.514
0.835	1.514
0.820	1.611
0.850	1.660
0.835	1.611
0.894	1.562
0.908	1.758
0.923	1.855
0.967	1.953
0.952	2.002
0.996	1.904
0.981	2.197
1.025	2.246
1.055	2.393
1.055	2.344
1.069	2.539
1.084	2.686
1.084	2.539
1.113	2.637
1.128	2.539
1.128	2.686
1.172	2.686
1.187	2.832
1.201	2.881
1.216	3.027
1.230	3.076
1.260	3.223
1.245	3.271
1.274	3.271
1.318	2.979
1.333	3.418
1.318	3.320
1.333	3.467
1.362	3.516
1.377	3.516
1.377	3.760
1.377	3.906
1.406	3.857
1.406	3.906
1.479	4.102
1.465	3.906
1.465	4.053
1.479	4.150
1.509	4.248
1.523	4.346
1.523	4.248
1.553	4.346
1.553	4.541
1.582	4.687
1.597	4.736
1.597	4.687
1.626	4.687
1.655	4.785
1.626	4.932
1.670	4.883
1.699	5.029
1.699	5.273
1.714	5.176
1.729	5.371
1.743	5.469
1.787	5.371
1.772	5.518
1.802	5.518
1.816	5.713
1.846	5.664
1.860	5.859
1.846	5.957
1.875	5.811
1.904	6.299
1.919	5.908
1.934	6.299
1.934	6.299
1.963	6.250
2.021	6.396
2.021	6.592
2.021	6.641
2.051	6.787
2.080	6.836
2.080	6.787
2.095	6.787
2.124	7.031
2.109	6.934
2.139	7.031
2.139	7.178
2.153	7.227
2.168	7.422
2.197	7.422
2.227	7.324
2.227	7.520
2.227	7.617
2.256	7.715
2.256	7.666
2.271	8.057
2.300	7.764
2.314	7.861
2.329	7.959
2.358	7.910
2.373	8.203
2.329	8.154
2.402	8.203
2.402	8.203
2.417	8.350
2.446	8.350
2.446	8.643
2.476	8.545
2.505	8.447
2.505	8.691
2.490	8.594
2.534	8.691
2.549	8.789
2.563	8.789
2.563	8.838
2.578	8.984
2.637	8.789
2.607	9.131
2.622	9.277
2.666	9.229
2.651	9.180
2.666	9.229
2.695	9.326
2.710	9.473
2.710	9.668
2.739	9.424
2.754	9.619
2.754	9.668
2.769	9.766
2.798	9.668
2.827	9.863
2.827	9.961
2.827	9.814
2.842	9.863
2.871	10.156
2.915	10.205
2.900	10.156
2.900	10.303
2.944	10.303
2.944	10.352
2.959	10.449
2.974	10.498
2.988	10.596
3.018	10.547
3.032	10.791
3.047	10.791
3.047	10.791
3.062	10.889
3.076	11.035
3.120	10.791
3.105	10.986
3.135	10.986
3.149	11.230
3.164	11.182
3.179	11.279
3.193	11.328
3.223	11.426
3.237	11.328
3.237	11.133
3.252	11.621
3.281	11.328
3.267	11.621
3.311	11.670
3.325	11.182
3.340	11.816
3.354	11.719
3.384	11.768
3.384	11.865
3.413	11.865
3.413	11.816
3.428	11.963
3.442	12.109
3.486	12.061
3.501	11.963
3.486	12.109
3.501	12.158
3.545	12.158
3.530	12.305
3.574	12.256
3.574	12.158
3.618	12.207
3.618	12.402
3.647	12.451
3.662	12.402
3.677	12.500
3.677	12.744
3.691	12.646
3.750	12.744
3.721	8.545
3.735	0.244
3.735	-0.293
3.794	0.098
3.809	0.049
3.823	0.195
3.838	0.098
3.838	0.146
3.882	-0.049
3.882	0.049
3.896	-0.098
3.926	0.049
3.926	-0.098
3.940	0.000
3.970	0.049
3.999	0.000
3.999	0.146
3.999	0.195
3.999	0.098
4.028	-0.195
4.058	0.146
4.072	0.049
4.102	0.293
4.102	0.195
4.146	0.000
4.146	0.049
4.160	0.049
4.160	-0.098
4.175	-0.098
4.189	0.098
4.219	0.146
4.233	-0.098
4.233	0.146
4.233	0.000
4.277	0.098
4.277	0.000
4.263	0.000
4.277	0.098
4.321	0.049
4.321	-0.049
4.336	-0.049
4.409	-0.049
4.409	0.098
4.453	0.049
4.468	0.146
4.424	-0.049
4.468	0.049
4.482	0.098
4.482	-0.098
4.512	0.244
4.526	-0.098
4.541	-0.195
4.541	0.049
4.541	0.000
4.585	0.098
4.570	0.049
4.644	0.000
4.644	0.000
4.644	0.000
4.658	-0.098
4.673	0.000
4.702	0.098
4.702	0.098
4.717	0.244
4.746	0.146
4.761	0.000
4.775	0.098
4.790	-0.049
4.805	0.049
4.819	-0.049
4.849	0.098
4.863	0.049
4.863	0.195
4.863	0.000
4.937	0.000
4.907	0.342
4.937	0.049
4.937	0.146
4.937	0.244
4.980	0.049
4.980	0.000
5.010	0.049
5.039	0.000
5.068	0.000
5.068	0.049
5.083	0.244
5.112	0.049
5.127	0.000
5.127	0.098
5.112	0.146
5.098	-0.049
5.098	0.000
5.083	-0.146
5.127	0.098
5.112	0.049
5.112	0.146
5.083	0.146
5.127	-0.049
5.112	0.098
5.112	0.049
5.112	-0.049
5.156	0.000
5.112	0.195
5.127	-0.049
5.112	-0.049
5.083	-0.098
5.127	0.049
5.112	0.049
5.127	0.049
5.142	0.146
5.068	0.195
5.112	-0.049
