0.044	0.244
0.029	0.049
0.073	0.049
0.029	0.098
0.044	0.195
0.044	0.098
0.059	0.293
0.029	-0.244
0.029	0.195
0.044	0.391
0.059	0.000
0.088	0.098
0.088	-0.049
0.132	-0.049
0.117	0.146
0.146	0.098
0.161	0.098
0.132	0.293
0.176	0.098
0.176	0.098
0.190	0.049
0.190	0.049
0.220	0.098
0.234	-0.049
0.249	0.098
0.249	0.098
0.249	0.049
0.278	0.146
0.278	0.049
0.352	-0.146
0.322	0.146
0.337	0.098
0.308	0.293
0.352	0.195
0.366	0.049
0.381	0.049
0.396	0.146
0.396	0.000
0.425	0.195
0.439	0.098
0.439	0.195
0.425	0.146
0.454	0.146
0.469	0.195
0.498	0.244
0.513	0.049
0.527	0.146
0.498	0.146
0.557	0.098
0.557	0.195
0.586	0.195
0.571	0.195
0.601	0.000
0.601	0.146
0.630	0.146
0.630	0.146
0.630	0.342
0.674	0.195
0.674	0.146
0.688	0.244
0.703	0.049
0.747	0.195
0.747	0.244
0.762	0.293
0.747	0.195
0.776	0.244
0.776	0.195
0.776	0.244
0.820	0.244
0.850	0.244
0.835	0.049
0.864	0.439
0.879	0.244
0.879	0.244
0.894	0.244
0.923	0.293
0.923	0.195
0.937	0.342
0.967	0.488
0.981	0.342
0.967	0.537
0.996	0.293
1.025	0.049
1.025	0.391
1.055	0.439
1.069	0.439
1.084	0.342
1.099	0.391
1.099	0.586
1.084	0.391
1.113	0.293
1.157	0.391
1.157	0.391
1.157	0.439
1.172	0.439
1.172	0.391
1.216	0.488
1.230	0.488
1.216	0.488
1.260	0.537
1.260	0.391
1.289	0.537
1.304	0.195
1.304	0.488
1.333	0.439
1.348	0.391
1.377	0.488
1.362	0.879
1.421	0.586
1.392	0.781
1.421	0.684
1.436	0.684
1.465	0.586
1.450	0.732
1.465	0.781
1.494	0.781
1.523	0.586
1.523	0.879
1.553	0.879
1.523	0.830
1.538	0.928
1.597	0.928
1.597	0.977
1.597	0.732
1.626	0.928
1.655	0.781
1.685	0.928
1.699	1.025
1.699	1.123
1.714	0.928
1.743	0.928
1.758	1.025
1.758	1.074
1.772	1.025
1.802	1.025
1.831	1.074
1.860	1.123
1.860	1.074
1.875	1.123
1.890	1.123
1.904	1.074
1.904	1.221
1.978	1.123
1.963	1.465
1.948	1.172
1.992	1.318
2.007	1.172
1.992	1.367
2.021	1.416
2.051	1.318
2.021	1.611
2.109	1.465
2.124	1.514
2.095	1.416
2.109	1.562
2.124	1.807
2.139	1.709
2.183	1.660
2.197	1.709
2.183	1.904
2.168	1.709
2.212	1.953
2.241	1.807
2.271	2.100
2.271	1.807
2.300	1.807
2.300	1.953
2.314	2.051
2.329	2.100
2.344	2.148
2.358	2.539
2.373	2.246
2.373	2.393
2.417	2.344
2.432	2.393
2.461	2.588
2.461	2.539
2.490	2.832
2.490	2.588
2.505	2.686
2.534	2.832
2.534	2.783
2.563	2.881
2.563	3.027
2.578	2.979
2.607	2.881
2.651	3.125
2.637	3.223
2.651	3.320
2.666	3.320
2.695	3.271
2.695	3.320
2.725	2.588
2.710	0.439
2.754	-0.146
2.754	-0.146
2.769	-0.049
2.783	0.000
2.798	-0.146
2.783	0.146
2.842	-0.146
2.812	0.000
2.871	0.049
2.871	0.000
2.900	0.049
2.900	0.049
2.930	0.049
2.930	-0.049
2.944	0.244
2.974	-0.049
2.974	0.195
2.988	0.049
3.003	0.195
3.032	-0.049
3.047	0.049
3.062	-0.146
3.091	-0.049
3.105	-0.342
3.091	0.146
3.091	0.049
3.091	0.000
3.164	0.049
3.179	0.049
3.179	-0.049
3.193	0.000
3.223	0.049
3.237	0.000
3.237	-0.293
3.281	0.000
3.281	0.000
3.281	-0.146
3.296	0.098
3.340	-0.195
3.384	0.146
3.354	-0.146
3.340	-0.146
3.398	0.000
3.384	0.244
3.428	0.098
3.457	-0.049
3.457	-0.098
3.501	0.049
3.442	0.000
3.486	-0.098
3.516	0.098
3.501	-0.098
3.545	0.098
3.560	0.000
3.589	0.000
3.589	-0.098
3.545	-0.098
3.560	-0.098
3.574	0.000
3.589	0.244
3.574	0.049
3.589	-0.049
3.574	-0.049
3.589	0.000
3.589	0.000
3.560	0.098
3.574	0.195
3.589	0.000
3.589	0.146
3.560	0.000
3.589	-0.293
3.589	0.049
3.530	0.000
3.574	0.195
3.604	0.098
3.589	0.098
3.589	0.146
3.589	0.000
3.589	0.049
3.589	-0.146
3.589	0.439
3.545	0.049
3.589	-0.049
3.574	0.244
3.574	0.244
3.589	0.000
3.574	0.146
3.545	0.000
3.589	0.000
3.589	0.098
3.604	0.000
3.589	-0.049
3.589	0.000
3.589	-0.049
3.574	0.049
3.560	0.000
3.574	-0.146
3.545	0.000
3.589	0.000
3.574	0.293
3.589	-0.049
3.589	0.000
3.589	0.098
3.574	0.146
3.589	-0.098
3.574	0.000
3.574	0.049
3.604	0.391
3.574	0.049
3.574	0.000
3.589	0.098
3.574	0.098
3.589	-0.049
3.589	0.195
3.589	0.049
3.560	-0.195
3.589	0.244
3.545	0.000
3.574	0.195
3.589	0.195
3.574	-0.049
3.574	-0.098
3.574	-0.049
3.574	-0.049
3.589	0.098
3.574	-0.098
3.574	0.000
3.589	0.000
3.589	0.195
3.574	0.049
3.560	0.146
3.604	-0.098
3.560	0.000
3.574	0.098
3.574	-0.049
3.574	0.098
3.589	0.049
3.574	0.098
3.574	-0.049
3.574	0.049
3.574	0.000
3.545	-0.098
3.574	0.000
3.618	0.049
3.589	0.000
3.589	-0.195
3.574	0.098
3.589	0.000
3.574	0.049
3.589	0.146
3.589	0.146
3.574	0.000
3.574	0.049
3.574	-0.049
3.604	-0.098
