0.029	0.391
0.044	0.342
0.059	0.342
0.029	0.146
0.059	0.098
0.073	0.439
0.103	0.342
0.103	0.342
0.088	0.293
0.103	0.439
0.117	0.244
0.146	0.098
0.146	0.488
0.161	0.391
0.190	0.439
0.176	0.146
0.190	0.342
0.220	0.488
0.220	0.391
0.249	0.391
0.249	0.342
0.264	0.391
0.293	0.439
0.278	0.537
0.293	0.439
0.308	0.439
0.308	0.537
0.352	0.391
0.366	0.391
0.366	0.586
0.366	0.586
0.396	0.635
0.396	0.635
0.410	0.684
0.425	0.684
0.439	0.488
0.454	0.684
0.498	0.830
0.469	0.732
0.498	0.732
0.513	0.684
0.527	0.879
0.542	0.732
0.542	0.732
0.571	0.586
0.571	0.928
0.601	0.977
0.586	0.732
0.615	0.928
0.630	1.025
0.645	1.172
0.688	1.123
0.674	1.416
0.703	1.172
0.732	1.123
0.747	0.928
0.762	1.074
0.747	1.221
0.776	1.172
0.791	1.221
0.791	1.367
0.791	1.270
0.820	1.318
0.850	1.367
0.850	1.465
0.879	1.465
0.894	1.465
0.894	1.660
0.879	1.416
0.937	1.611
0.937	1.514
0.967	1.514
0.967	1.709
0.952	1.611
0.967	1.660
1.011	1.660
1.069	1.904
1.069	1.758
1.069	1.660
1.069	1.855
1.084	1.807
1.084	1.953
1.084	2.148
1.099	2.002
1.143	2.051
1.172	1.953
1.172	2.246
1.201	2.197
1.201	2.197
1.216	2.100
1.245	2.246
1.245	2.148
1.274	2.295
1.245	2.295
1.260	2.246
1.289	2.393
1.318	2.246
1.362	2.490
1.348	2.490
1.392	2.539
1.377	2.441
1.392	2.588
1.406	2.783
1.436	2.734
1.465	2.734
1.465	2.783
1.509	2.832
1.494	2.783
1.523	2.979
1.553	2.930
1.567	3.076
1.582	3.027
1.597	3.027
1.611	2.979
1.641	3.223
1.641	3.271
1.655	3.223
1.670	3.223
1.699	3.320
1.714	3.223
1.714	3.320
1.743	3.467
1.758	3.418
1.772	3.369
1.802	3.271
1.816	3.564
1.831	3.516
1.846	3.711
1.831	3.613
1.875	3.711
1.860	3.857
1.890	3.760
1.934	3.809
1.948	3.809
1.948	3.857
1.963	3.857
1.992	3.809
1.992	3.906
1.992	3.955
1.992	3.955
2.036	4.004
2.051	4.102
2.095	4.102
2.109	4.150
2.095	4.297
2.109	4.199
2.124	4.248
2.124	4.297
2.153	4.199
2.183	4.395
2.183	4.443
2.212	4.102
2.227	4.492
2.227	4.492
2.241	4.492
2.256	4.541
2.285	4.346
2.300	4.443
2.300	4.639
2.344	4.639
2.344	4.883
2.344	4.736
2.358	4.639
2.388	4.785
2.417	4.687
2.461	4.834
2.432	5.078
2.432	4.932
2.461	4.883
2.476	4.883
2.476	4.932
2.534	5.078
2.549	5.176
2.549	4.736
2.578	5.273
2.578	5.273
2.563	5.273
2.578	5.225
2.622	5.225
2.622	5.371
2.637	5.371
2.651	5.273
2.710	5.518
2.681	5.420
2.695	5.664
2.710	5.371
2.725	5.566
2.754	5.518
2.754	5.811
2.769	5.615
2.783	5.615
2.812	5.615
2.856	5.762
2.871	5.908
2.871	5.713
2.886	5.811
2.886	5.762
2.900	5.859
2.915	5.859
2.959	5.713
2.944	5.664
2.959	5.762
2.974	5.908
2.988	5.957
2.988	5.957
3.018	6.055
3.047	6.055
3.076	6.201
3.076	6.152
3.105	6.152
3.120	6.152
3.120	6.250
3.164	6.299
3.149	6.396
3.164	6.299
3.179	6.250
3.223	6.348
3.223	6.543
3.237	6.396
3.296	6.543
3.281	6.592
3.281	6.592
3.311	6.445
3.325	5.322
3.325	0.635
3.384	-0.146
3.369	0.098
3.369	0.195
3.398	0.439
3.413	0.146
3.442	0.342
3.457	0.195
3.428	0.049
3.486	0.244
3.516	0.195
3.530	0.098
3.530	-0.195
3.589	0.195
3.589	0.146
3.589	0.000
3.589	0.342
3.560	-0.098
3.618	0.195
3.662	0.146
3.662	0.000
3.662	0.195
3.706	0.146
3.706	0.244
3.721	0.098
3.735	0.195
3.794	0.146
3.765	0.195
3.765	0.146
3.779	0.146
3.838	0.146
3.838	0.244
3.853	0.000
3.882	0.146
3.882	0.244
3.896	0.146
3.911	0.146
3.926	0.049
3.955	0.098
3.940	0.293
3.940	0.049
3.940	0.244
3.926	0.244
3.955	0.146
3.940	0.098
3.926	0.342
3.940	0.049
3.940	0.000
3.955	0.049
3.926	0.098
3.940	0.098
3.940	0.195
3.940	0.342
3.940	0.098
3.940	0.049
3.955	0.391
3.940	0.098
3.940	0.146
3.955	0.244
3.940	0.049
3.970	0.098
3.984	0.000
3.940	0.195
3.955	0.195
3.955	0.195
3.940	0.146
3.926	0.049
3.955	0.146
3.940	0.195
3.940	0.098
3.940	0.244
3.955	0.098
3.940	-0.146
3.955	0.195
3.940	0.195
3.940	0.195
3.926	0.049
3.955	0.195
3.940	0.244
3.940	0.195
3.955	0.146
3.940	0.146
3.940	0.098
3.940	0.195
3.940	0.146
3.926	0.098
3.955	0.195
3.940	0.049
3.940	-0.098
3.926	0.146
3.940	0.146
3.940	0.146
3.940	0.049
3.970	0.195
3.970	0.000
3.940	0.049
3.940	0.146
3.940	0.098
3.926	0.098
3.984	0.049
3.940	0.098
3.955	0.146
3.940	0.195
3.940	-0.049
3.940	0.195
3.955	-0.098
3.940	0.293
3.940	0.146
3.940	0.195
3.926	0.195
3.940	0.244
3.940	0.049
3.926	0.049
3.940	-0.049
3.955	0.342
3.911	0.146
3.940	0.098
3.955	0.146
3.940	0.195
3.940	0.098
3.955	0.146
3.940	0.146
3.911	0.146
3.911	0.146
3.955	0.146
3.955	0.098
3.926	0.098
3.940	0.146
3.955	0.146
3.940	0.098
3.940	0.342
3.940	0.195
3.984	0.049
3.940	-0.049
3.926	-0.244
3.955	0.098
3.940	0.195
3.970	0.000
3.911	0.098
3.955	0.342
3.940	0.244
3.940	0.049
3.940	0.195
3.940	0.293
3.940	0.244
3.955	0.000
3.940	0.146
3.940	0.098
3.940	0.146
3.911	-0.049
3.970	0.000
3.999	0.098
3.940	0.244
3.940	0.098
3.955	0.195
3.940	0.146
3.926	-0.049
3.940	0.098
3.940	0.195
3.940	0.195
3.926	0.391
3.926	0.195
3.940	0.146
3.940	0.195
3.984	0.244
3.940	0.244
3.926	0.000
3.955	0.293
3.940	0.195
3.940	0.049
3.940	0.293
3.940	0.244
3.940	0.195
3.940	0.195
3.926	0.195
