0.044	0.195
0.044	0.098
0.073	0.195
0.044	0.195
0.000	0.439
0.044	0.342
0.029	0.195
0.029	0.146
0.044	0.342
0.073	0.195
0.059	0.195
0.044	0.293
0.044	0.098
0.059	0.293
0.029	0.439
0.029	0.195
0.044	0.195
0.015	0.195
0.073	0.195
0.044	0.146
0.029	0.098
0.044	0.098
0.029	0.146
0.029	0.146
0.029	0.146
0.044	0.244
0.059	0.293
0.029	0.244
0.029	0.195
0.044	0.244
0.044	0.293
0.044	0.195
0.044	0.244
0.044	0.146
0.029	0.244
0.029	0.146
0.029	0.195
0.000	0.146
0.044	0.000
0.059	0.146
0.044	0.293
0.044	0.488
0.029	0.293
0.029	0.098
0.059	0.293
0.044	0.244
0.088	0.244
0.088	0.098
0.103	0.244
0.117	0.342
0.103	0.244
0.176	0.488
0.146	0.146
0.161	0.391
0.176	0.391
0.205	0.293
0.234	0.439
0.234	0.586
0.234	0.439
0.293	0.439
0.264	0.342
0.278	0.537
0.293	0.244
0.322	0.439
0.322	0.439
0.322	0.391
0.337	0.391
0.352	0.537
0.381	0.439
0.381	0.586
0.396	0.635
0.425	0.684
0.425	0.635
0.439	0.732
0.483	0.830
0.483	0.732
0.483	0.830
0.498	0.684
0.527	0.830
0.557	0.879
0.571	0.879
0.571	0.830
0.571	0.977
0.571	0.928
0.601	0.879
0.615	1.025
0.659	1.074
0.659	1.221
0.674	1.172
0.688	1.221
0.659	1.172
0.703	1.123
0.718	1.514
0.747	1.367
0.762	1.465
0.776	1.562
0.791	1.416
0.806	1.465
0.806	1.660
0.806	1.660
0.850	1.660
0.864	1.904
0.879	1.709
0.894	1.758
0.937	1.904
0.923	1.855
0.937	1.807
0.952	2.051
0.967	2.100
0.996	2.100
0.996	2.002
1.011	2.197
1.040	2.344
1.040	2.246
1.069	2.344
1.084	2.246
1.099	2.441
1.113	2.344
1.128	2.490
1.128	2.441
1.143	2.539
1.157	2.686
1.172	2.637
1.216	2.783
1.216	2.783
1.245	2.783
1.260	2.930
1.274	3.027
1.304	3.271
1.333	3.271
1.377	3.174
1.348	3.369
1.377	3.320
1.392	3.320
1.406	3.223
1.406	3.320
1.436	3.564
1.450	3.564
1.465	3.662
1.465	3.662
1.494	3.711
1.509	3.809
1.509	3.760
1.523	3.906
1.538	3.809
1.553	3.955
1.567	4.150
1.597	4.053
1.597	4.150
1.626	4.297
1.641	4.248
1.641	4.297
1.670	4.443
1.699	4.395
1.699	4.492
1.714	4.492
1.729	4.590
1.743	4.590
1.772	4.541
1.787	4.687
1.802	4.883
1.831	4.785
1.816	4.932
1.860	4.834
1.860	4.834
1.875	5.127
1.904	5.273
1.919	4.980
1.948	5.225
1.978	5.273
1.948	5.127
1.963	5.322
2.007	5.469
2.007	5.518
2.036	5.518
2.021	5.615
2.051	5.469
2.080	5.713
2.095	5.518
2.095	5.762
2.109	5.811
2.139	5.859
2.153	5.859
2.168	6.055
2.168	6.006
2.183	5.957
2.256	5.957
2.212	6.201
2.256	6.152
2.256	6.104
2.285	6.250
2.314	6.299
2.300	6.299
2.329	6.396
2.329	6.250
2.344	6.250
2.358	6.396
2.388	6.641
2.402	6.494
2.461	6.543
2.402	6.641
2.446	6.689
2.446	6.689
2.461	6.787
2.490	6.836
2.490	6.982
2.505	6.934
2.534	6.885
2.549	7.080
2.563	6.885
2.578	7.227
2.593	7.275
2.622	7.080
2.666	7.227
2.637	7.031
2.666	7.275
2.681	7.227
2.695	7.373
2.695	7.422
2.739	7.373
2.739	7.324
2.754	7.373
2.783	7.715
2.783	7.568
2.812	7.715
2.812	7.617
2.842	7.666
2.856	7.617
2.886	7.520
2.900	7.764
2.915	7.715
2.900	7.910
2.930	7.959
2.930	8.057
2.944	7.861
2.974	7.959
2.988	8.057
3.003	8.057
3.047	8.057
3.047	8.252
3.062	8.203
3.076	7.959
3.091	8.350
3.120	8.398
3.135	8.301
3.135	8.252
3.135	8.447
3.193	8.447
3.193	8.398
3.193	8.643
3.208	8.545
3.223	8.643
3.252	8.545
3.281	8.643
3.281	8.545
3.311	8.838
3.340	8.838
3.340	8.740
3.340	8.936
3.384	8.936
3.398	8.838
3.384	8.887
3.413	9.033
3.442	9.326
3.472	8.936
3.457	9.033
3.486	9.180
3.516	9.180
3.530	9.277
3.560	9.229
3.560	9.277
3.589	9.229
3.633	9.277
3.618	9.326
3.618	9.326
3.647	9.375
3.633	9.521
3.662	9.326
3.706	9.521
3.706	9.326
3.721	9.521
3.735	9.521
3.750	9.521
3.765	9.619
3.779	9.521
3.809	9.424
3.838	9.863
3.838	9.668
3.896	9.717
3.882	9.766
3.926	9.619
3.867	9.766
3.911	10.059
3.896	9.717
3.970	9.814
3.970	9.814
3.970	10.010
3.999	10.010
4.014	9.814
4.028	10.107
4.058	10.010
4.072	10.010
4.072	10.107
4.116	10.107
4.131	10.107
4.160	10.107
4.189	10.010
4.160	10.303
4.175	6.934
4.189	0.342
4.204	-0.293
4.233	0.000
4.248	-0.049
4.263	0.049
4.292	-0.195
4.336	0.244
4.307	-0.098
4.351	-0.293
4.336	-0.049
4.365	-0.244
4.351	0.146
4.395	-0.098
4.409	-0.146
4.395	0.244
4.424	-0.098
4.438	-0.195
4.453	0.000
4.468	-0.098
4.482	-0.098
4.512	-0.098
4.512	-0.049
4.526	-0.195
4.512	0.000
4.526	0.146
4.512	-0.244
4.526	0.000
4.541	0.000
4.526	-0.098
4.512	-0.195
4.526	0.000
4.526	0.098
4.482	-0.049
4.541	-0.098
4.512	-0.098
4.541	0.000
4.512	-0.146
4.526	0.146
4.526	-0.098
4.526	0.049
4.541	0.000
4.541	-0.098
4.526	-0.098
4.526	-0.098
4.541	0.000
4.541	0.098
4.526	-0.098
4.526	-0.098
4.526	-0.049
4.541	-0.146
4.526	0.049
4.526	-0.049
4.526	0.049
4.526	0.049
4.526	-0.049
4.541	0.195
4.541	-0.195
4.541	-0.146
4.556	-0.049
4.526	0.000
4.526	0.098
4.526	0.049
4.526	-0.244
4.526	0.098
4.512	-0.049
4.526	-0.195
4.526	-0.146
4.570	0.146
