0.044	0.244
0.044	0.146
0.044	0.146
0.044	0.098
0.044	0.195
0.044	0.195
0.044	0.244
0.029	0.244
0.044	0.195
0.059	0.146
0.044	0.244
0.059	0.244
0.044	0.098
0.044	0.244
0.029	0.049
0.073	0.342
0.059	0.195
0.088	0.342
0.117	0.146
0.103	0.098
0.117	0.244
0.146	0.049
0.146	0.244
0.161	0.342
0.161	0.244
0.176	0.146
0.190	0.146
0.205	0.244
0.249	0.195
0.234	0.146
0.234	0.244
0.249	0.049
0.278	0.293
0.278	0.293
0.293	0.293
0.322	0.293
0.308	0.195
0.322	0.195
0.337	0.293
0.352	0.195
0.366	0.244
0.396	0.244
0.410	0.244
0.396	0.244
0.425	0.293
0.454	0.195
0.439	0.293
0.454	0.342
0.454	0.488
0.498	0.244
0.498	0.342
0.513	0.195
0.542	0.342
0.571	0.391
0.557	0.244
0.586	0.244
0.586	0.488
0.601	0.342
0.601	0.488
0.630	0.537
0.630	0.488
0.645	0.635
0.674	0.439
0.674	0.684
0.688	0.586
0.703	0.586
0.718	0.537
0.732	0.732
0.762	0.732
0.776	0.586
0.791	0.586
0.791	0.732
0.820	0.879
0.850	0.684
0.850	1.074
0.879	0.830
0.879	1.025
0.894	0.830
0.923	0.879
0.937	0.928
0.937	1.025
0.952	1.074
0.981	1.025
0.996	1.025
1.011	0.977
0.981	1.172
1.011	1.172
1.055	1.172
1.069	1.123
1.055	1.270
1.099	1.367
1.113	1.465
1.157	1.367
1.172	1.562
1.187	1.465
1.172	1.709
1.216	1.660
1.230	1.807
1.260	1.807
1.230	1.904
1.289	1.807
1.289	1.709
1.318	1.611
1.304	1.953
1.348	2.002
1.348	2.197
1.362	2.197
1.377	2.197
1.392	2.246
1.406	2.246
1.392	2.344
1.421	2.344
1.465	2.344
1.479	2.246
1.479	2.441
1.494	2.783
1.538	2.686
1.523	2.734
1.597	2.783
1.582	2.832
1.597	2.979
1.597	2.881
1.626	2.979
1.626	3.174
1.670	3.125
1.699	3.125
1.685	3.223
1.743	3.223
1.729	3.369
1.758	3.467
1.729	3.369
1.772	3.711
1.787	3.564
1.787	3.613
1.802	3.809
1.831	3.662
1.816	3.760
1.875	3.613
1.904	3.857
1.890	3.857
1.919	4.004
1.934	4.150
1.934	4.150
1.948	4.102
1.978	3.857
1.992	4.199
1.992	4.199
2.007	4.346
2.007	4.590
2.051	4.395
2.065	4.541
2.065	4.443
2.080	4.785
2.124	4.785
2.153	4.590
2.109	4.834
2.153	4.883
2.168	4.883
2.153	4.932
2.168	4.932
2.197	4.785
2.227	5.127
2.256	5.176
2.271	5.273
2.271	5.225
2.329	5.322
2.314	5.371
2.329	5.371
2.329	5.518
2.358	5.518
2.373	5.664
2.417	5.664
2.402	5.713
2.446	5.908
2.432	5.859
2.446	5.811
2.461	5.859
2.476	5.957
2.505	6.152
2.505	6.055
2.549	6.201
2.505	6.104
2.549	6.396
2.563	6.250
2.578	6.689
2.607	6.396
2.622	6.445
2.681	6.641
2.666	6.592
2.695	6.641
2.681	6.592
2.710	6.689
2.710	6.689
2.725	6.836
2.739	6.787
2.769	6.934
2.769	6.934
2.798	7.031
2.798	6.885
2.827	7.031
2.842	7.129
2.871	7.178
2.871	7.178
2.900	7.373
2.900	7.373
2.930	7.373
2.944	7.324
2.930	7.520
2.959	7.520
2.988	7.715
2.959	7.715
3.018	7.666
3.018	7.812
3.018	7.764
3.062	7.812
3.062	7.617
3.076	7.910
3.135	7.812
3.120	8.057
3.135	8.057
3.164	8.105
3.164	8.154
3.193	8.057
3.193	8.154
3.223	8.252
3.208	8.252
3.208	8.447
3.267	8.301
3.281	8.398
3.281	8.496
3.325	8.496
3.311	8.447
3.340	8.594
3.369	8.643
3.354	8.691
3.384	8.643
3.398	8.740
3.384	8.643
3.442	8.691
3.457	8.789
3.472	8.398
3.516	9.033
3.501	8.838
3.530	9.033
3.545	9.033
3.560	9.082
3.545	9.131
3.574	9.180
3.604	9.375
3.633	9.277
3.589	9.180
3.677	9.277
3.662	9.082
3.691	9.375
3.691	9.424
3.706	9.424
3.735	9.521
3.735	9.424
3.765	9.473
3.779	9.424
3.779	9.570
3.794	9.717
3.867	9.521
3.853	9.619
3.867	9.521
3.853	9.766
3.882	9.766
3.896	9.863
3.911	9.814
3.940	9.912
3.970	9.863
3.984	9.912
3.984	9.961
3.999	10.205
4.028	10.156
4.028	10.059
4.043	10.107
4.087	10.449
4.087	10.205
4.087	10.156
4.116	10.352
4.131	10.303
4.146	10.352
4.160	10.254
4.175	10.205
4.204	10.400
4.204	10.400
4.248	10.449
4.263	10.352
4.233	10.498
4.248	10.449
4.263	10.352
4.292	10.547
4.307	10.352
4.336	10.596
4.351	10.449
4.351	10.693
4.365	10.889
4.395	10.645
4.395	10.645
4.409	10.937
4.468	10.693
4.438	10.693
4.453	10.693
4.482	10.742
4.497	10.840
4.512	10.645
4.512	10.937
4.556	10.937
4.570	10.742
4.570	10.937
4.585	11.035
4.600	10.840
4.614	10.986
4.644	10.986
4.658	11.133
4.673	11.084
4.687	11.084
4.687	11.084
4.731	11.182
4.702	11.230
4.731	11.328
4.746	11.182
4.775	11.230
4.775	11.377
4.790	10.937
4.805	11.328
4.849	11.475
4.849	11.328
4.878	11.377
4.893	11.377
4.893	11.377
4.922	11.523
4.922	11.572
4.937	11.426
4.980	11.670
4.980	11.572
5.010	11.475
5.010	11.572
5.024	11.523
5.039	11.719
5.054	11.719
5.054	11.426
5.068	11.523
5.098	11.621
5.098	11.768
5.098	11.816
5.156	11.963
5.142	11.816
5.186	11.914
5.215	11.816
5.229	11.719
5.259	11.914
5.200	11.963
5.244	11.963
5.273	12.012
5.303	12.109
5.317	11.816
5.332	12.158
5.361	12.109
5.376	12.109
5.376	12.109
5.391	12.207
5.405	12.061
5.420	11.816
5.435	12.207
5.464	12.354
5.479	12.256
5.493	12.500
5.508	12.354
5.508	11.963
5.537	12.305
5.552	12.402
5.581	12.305
5.581	12.451
5.610	12.549
5.596	12.305
5.640	12.451
5.669	12.451
5.669	12.598
5.684	12.549
5.698	12.646
5.713	12.598
5.742	12.939
5.771	12.646
5.771	12.598
5.786	12.646
5.786	12.744
5.815	12.988
5.815	12.939
5.874	12.891
5.859	12.793
5.889	12.891
5.947	12.695
5.962	12.842
5.933	13.037
5.933	12.891
5.962	13.086
5.991	12.842
5.991	13.135
6.006	12.939
6.035	12.988
6.079	13.184
6.094	13.037
6.094	13.184
6.108	13.232
6.138	13.135
6.152	13.232
6.152	13.281
6.182	13.330
6.196	13.379
6.255	13.379
6.226	13.379
6.226	13.379
6.270	13.477
6.270	13.379
6.284	13.477
6.299	13.477
6.343	13.574
6.328	13.525
6.401	13.574
6.343	13.574
6.401	13.672
6.431	13.770
6.416	13.672
6.431	13.574
6.475	13.721
6.460	13.721
6.504	13.721
6.519	13.770
6.533	13.867
6.533	14.111
6.577	13.770
6.592	13.916
6.592	14.014
6.606	13.916
6.636	14.014
6.665	14.160
6.636	14.062
6.694	13.965
6.694	13.965
6.738	13.916
6.782	14.062
6.724	14.209
6.782	14.258
6.812	14.258
6.812	14.209
6.812	14.209
6.826	14.453
6.885	14.307
6.870	14.307
6.885	14.209
6.914	14.355
6.914	14.453
6.929	14.404
6.958	14.404
6.987	14.355
6.987	14.355
6.987	14.600
7.017	14.355
7.061	14.355
7.046	14.502
7.075	14.648
7.075	14.600
7.119	14.600
7.163	14.746
7.104	14.404
7.163	14.502
7.178	14.795
7.163	14.746
7.192	14.697
7.236	14.795
7.251	14.844
7.266	14.893
7.266	14.844
7.295	14.746
7.310	15.088
7.324	14.990
7.339	15.137
7.397	14.941
7.368	14.990
7.412	15.088
7.427	15.381
7.441	15.234
7.456	15.234
7.485	15.186
7.529	15.332
7.515	15.283
7.559	15.527
7.573	15.381
7.573	15.283
7.588	15.381
7.603	15.576
7.617	15.625
7.646	15.674
7.661	15.625
7.690	15.625
7.705	15.674
7.720	15.820
7.705	15.723
7.749	15.723
7.749	15.674
7.793	15.967
7.822	15.918
7.808	15.820
7.837	15.820
7.852	15.918
7.866	16.016
7.881	15.771
7.910	16.016
7.925	16.113
7.954	16.113
7.969	16.113
7.983	16.113
7.998	16.113
8.042	16.211
7.998	16.211
8.071	16.357
8.086	16.504
8.086	16.553
8.086	16.455
8.115	16.504
8.130	16.455
8.159	16.504
8.174	16.406
8.232	16.455
8.232	16.699
8.247	16.650
8.218	16.943
8.262	16.748
8.291	16.895
8.320	16.846
8.320	16.846
8.335	16.846
8.364	16.943
8.364	17.090
8.408	16.992
8.423	17.139
8.423	17.090
8.423	17.236
8.452	17.236
8.467	17.285
8.511	17.285
8.540	17.334
8.525	17.187
8.540	17.432
8.569	17.432
8.599	17.383
8.584	17.383
8.628	17.432
8.643	17.578
8.657	17.529
8.672	17.676
8.687	17.676
8.701	17.529
8.730	17.822
8.745	17.578
8.760	17.578
8.789	17.822
8.789	17.822
8.818	17.725
8.862	17.969
8.877	17.725
8.877	18.018
8.892	18.164
8.936	18.115
8.965	18.262
8.936	18.115
9.009	18.262
8.994	18.213
8.994	18.213
9.067	18.115
9.053	18.311
9.067	18.359
9.082	18.604
9.097	18.555
9.126	18.506
9.141	18.604
9.170	18.652
9.155	18.750
9.214	18.604
9.199	18.604
9.214	18.799
9.258	18.652
9.272	18.848
9.287	18.848
9.316	18.945
9.316	18.945
9.316	18.994
9.360	19.141
9.390	19.043
9.390	19.287
9.419	14.941
9.434	0.537
9.463	-0.439
9.463	0.391
9.492	0.195
9.521	0.000
9.536	0.049
9.565	0.195
9.551	0.293
9.609	0.146
9.609	0.049
9.639	0.195
9.668	-0.049
9.653	0.293
9.683	0.000
9.697	0.098
9.727	0.098
9.741	0.146
9.756	0.244
9.771	-0.049
9.800	0.244
9.814	0.098
9.829	-0.049
9.829	0.146
9.858	-0.049
9.888	0.195
9.902	0.195
9.917	0.098
9.946	0.049
9.961	0.098
9.976	0.000
9.990	0.146
10.020	0.098
10.034	0.049
10.078	0.195
10.093	0.244
10.093	0.049
10.107	0.098
10.137	0.000
10.151	0.049
10.181	0.293
10.181	0.195
10.195	0.195
10.195	0.146
10.195	0.098
10.225	0.195
10.225	0.098
10.210	0.195
10.181	0.195
10.210	0.146
10.210	0.146
10.210	0.049
10.269	0.244
10.210	0.146
10.195	0.049
10.225	0.098
10.210	-0.195
10.195	0.049
10.225	0.000
10.254	0.146
10.225	0.098
10.210	0.146
10.181	0.146
10.210	0.098
10.239	0.098
10.225	0.098
10.225	0.000
10.195	0.537
10.225	0.049
10.210	0.098
10.195	0.146
10.210	0.244
10.225	0.000
10.210	-0.049
10.195	0.146
10.195	0.049
10.210	0.098
10.210	0.244
10.210	0.098
10.225	0.000
