0.029	0.195
0.044	0.195
0.044	0.391
0.044	0.391
0.044	0.244
0.059	0.098
0.088	0.098
0.088	0.342
0.103	0.293
0.103	0.195
0.132	0.195
0.132	0.391
0.146	0.098
0.161	0.244
0.161	0.244
0.190	0.293
0.190	0.195
0.205	0.244
0.190	0.293
0.234	0.049
0.249	0.439
0.264	0.244
0.264	0.244
0.264	0.146
0.308	0.391
0.322	0.195
0.293	0.342
0.337	0.293
0.352	0.391
0.366	0.195
0.366	0.098
0.381	0.195
0.381	0.391
0.410	0.195
0.410	0.293
0.425	0.293
0.454	0.342
0.469	0.391
0.483	0.244
0.498	0.439
0.498	0.391
0.513	0.293
0.498	0.391
0.557	0.342
0.542	0.342
0.571	0.244
0.571	0.391
0.601	0.488
0.601	0.342
0.630	0.391
0.630	0.342
0.674	0.342
0.659	0.439
0.674	0.537
0.659	0.342
0.659	0.488
0.718	0.488
0.732	0.488
0.688	0.488
0.791	0.488
0.776	0.391
0.776	0.635
0.806	0.488
0.776	0.586
0.806	0.586
0.850	0.635
0.850	0.635
0.864	0.684
0.879	0.537
0.835	0.684
0.879	0.732
0.908	0.586
0.952	0.635
0.967	0.635
0.981	0.781
0.967	0.879
0.967	0.781
0.996	0.879
1.011	0.781
1.040	0.781
1.084	0.879
1.055	0.732
1.069	0.830
1.099	0.879
1.113	0.830
1.099	0.732
1.143	0.928
1.143	0.879
1.172	1.025
1.201	1.074
1.230	0.928
1.201	0.977
1.230	1.221
1.245	1.074
1.274	1.318
1.289	1.270
1.289	1.367
1.289	1.270
1.333	1.367
1.348	1.221
1.348	1.514
1.392	1.514
1.406	1.514
1.421	1.416
1.421	1.562
1.450	1.514
1.450	1.904
1.465	1.904
1.494	1.904
1.494	1.611
1.509	1.855
1.538	1.904
1.553	1.953
1.567	2.051
1.538	2.051
1.582	2.002
1.567	2.148
1.655	2.148
1.655	2.246
1.670	2.148
1.685	2.490
1.743	2.393
1.699	2.344
1.714	2.490
1.729	2.393
1.743	2.637
1.758	2.490
1.802	2.637
1.802	2.734
1.816	2.686
1.802	2.734
1.846	2.979
1.860	2.979
1.875	3.125
1.904	3.223
1.963	3.271
1.948	3.320
1.963	3.271
1.978	3.174
1.992	3.369
2.021	3.467
2.065	3.613
2.065	3.613
2.065	3.564
2.080	3.809
2.109	3.809
2.168	3.906
2.109	3.809
2.124	3.760
2.153	4.053
2.183	3.955
2.183	4.102
2.197	4.248
2.212	4.199
2.197	4.150
2.241	4.102
2.285	4.150
2.285	4.346
2.256	4.395
2.300	4.443
2.329	4.395
2.344	4.590
2.344	4.834
2.373	4.541
2.344	4.590
2.388	4.834
2.417	4.834
2.417	4.785
2.446	4.932
2.446	5.322
2.446	5.127
2.461	5.176
2.505	5.078
2.490	5.029
2.520	5.225
2.549	5.273
2.563	5.371
2.593	5.322
2.607	5.273
2.593	5.469
2.607	5.615
2.651	5.469
2.666	5.615
2.666	5.811
2.695	5.957
2.695	5.811
2.710	6.006
2.725	5.859
2.739	6.104
2.754	6.055
2.798	6.104
2.842	6.152
2.812	6.250
2.812	6.348
2.856	6.299
2.856	6.543
2.871	6.348
2.886	6.445
2.915	6.592
2.871	6.543
2.944	6.592
2.944	6.738
2.974	6.738
2.974	6.885
3.018	6.641
3.018	6.934
3.018	6.738
3.032	6.934
3.062	7.080
3.091	6.982
3.091	7.080
3.091	6.982
3.135	7.080
3.120	7.129
3.164	7.373
3.193	7.373
3.237	7.422
3.193	7.422
3.208	7.520
3.237	7.520
3.252	7.617
3.281	7.617
3.281	7.568
3.281	7.715
3.311	7.715
3.340	7.812
3.354	7.764
3.354	7.861
3.384	7.959
3.384	7.910
3.428	7.910
3.442	8.008
3.442	7.959
3.472	7.959
3.501	8.154
3.457	8.203
3.545	8.057
3.545	8.203
3.516	8.350
3.574	8.398
3.604	8.594
3.574	8.301
3.633	8.545
3.618	8.594
3.618	8.545
3.647	8.643
3.662	8.496
3.706	8.691
3.706	8.789
3.706	8.789
3.706	8.887
3.735	8.740
3.765	8.789
3.794	8.936
3.794	8.984
3.809	8.984
3.838	8.984
3.838	9.131
3.882	9.229
3.867	9.082
3.867	9.229
3.926	9.473
3.940	9.326
3.955	9.229
3.955	9.424
3.926	9.424
4.028	9.570
3.999	9.570
4.028	9.570
4.028	9.570
4.043	9.424
4.043	9.521
4.072	9.668
4.102	9.668
4.131	9.570
4.131	9.814
4.146	9.766
4.160	9.766
4.160	9.766
4.175	9.717
4.204	9.863
4.233	9.717
4.248	9.912
4.233	9.912
4.292	9.619
4.277	9.863
4.307	10.010
4.321	10.010
4.336	10.156
4.336	9.961
4.351	10.156
4.395	10.156
4.380	10.010
4.395	10.205
4.438	10.156
4.424	10.205
4.438	10.352
4.453	10.303
4.482	10.254
4.512	10.498
4.482	10.449
4.526	10.400
4.541	10.547
4.556	10.498
4.585	10.449
4.585	10.498
4.644	10.498
4.614	10.596
4.629	10.693
4.629	10.937
4.673	10.791
4.658	10.791
4.658	10.840
4.731	10.693
4.702	10.791
4.731	10.840
4.761	10.791
4.775	10.840
4.775	10.889
4.819	10.840
4.805	10.840
4.849	11.133
4.878	10.986
4.893	11.035
4.907	11.133
4.922	11.035
4.907	11.133
4.951	11.133
4.937	11.133
4.951	11.084
4.966	11.133
5.024	11.182
5.024	11.230
5.039	11.377
5.054	11.182
5.068	11.377
5.098	11.377
5.098	11.523
5.098	11.426
5.127	11.426
5.127	11.475
5.156	11.621
5.215	11.621
5.186	11.475
5.229	11.572
5.215	11.621
5.244	11.670
5.259	11.670
5.273	11.719
5.288	11.719
5.303	11.816
5.303	11.475
5.347	11.963
5.361	11.865
5.361	11.865
5.391	11.816
5.405	11.865
5.420	11.914
5.420	11.816
5.464	11.914
5.464	11.816
5.522	12.109
5.508	12.158
5.522	12.061
5.552	12.207
5.596	12.158
5.581	12.158
5.596	12.207
5.610	12.158
5.640	12.402
5.640	12.256
5.625	12.500
5.625	12.207
5.713	12.305
5.713	12.500
5.728	12.549
5.742	12.207
5.757	12.256
5.771	12.402
5.786	12.549
5.815	12.451
5.845	12.500
5.845	12.598
5.903	12.354
5.903	12.744
5.889	12.598
5.903	12.695
5.918	12.646
5.918	12.549
5.947	12.744
5.947	12.744
5.991	12.842
5.991	12.842
6.021	12.988
6.050	12.842
6.021	12.939
6.094	12.842
6.123	12.988
6.094	12.988
6.138	12.988
6.167	12.939
6.152	13.135
6.182	13.135
6.196	13.184
6.226	13.232
6.240	13.281
6.255	13.281
6.255	13.184
6.313	13.232
6.270	13.379
6.313	13.232
6.328	13.232
6.372	13.330
6.357	13.379
6.372	13.330
6.387	13.330
6.401	13.477
6.387	13.477
6.445	13.672
6.460	13.574
6.460	13.672
6.504	13.770
6.519	13.525
6.519	13.574
6.548	13.623
6.562	13.818
6.577	13.672
6.621	13.721
6.636	13.721
6.665	13.623
6.650	13.721
6.680	13.818
6.650	13.867
6.694	14.014
6.724	14.014
6.738	14.014
6.753	14.014
6.768	14.111
6.797	14.062
6.812	14.258
6.826	14.111
6.841	14.014
6.855	14.258
6.855	14.160
6.899	14.404
6.914	14.111
6.929	14.355
6.929	14.600
6.914	14.355
6.973	14.307
6.987	14.355
7.002	14.453
7.002	14.355
7.046	14.502
7.046	14.502
7.061	14.648
7.104	14.600
7.134	14.551
7.148	14.453
7.148	14.697
7.163	14.697
7.178	14.697
7.222	14.795
7.207	14.893
7.251	14.941
7.266	14.795
7.251	14.795
7.324	14.893
7.310	14.893
7.280	14.795
7.339	15.137
7.368	14.844
7.383	15.088
7.397	14.990
7.397	14.990
7.427	14.893
7.441	15.186
7.485	15.234
7.485	15.186
7.515	15.234
7.559	15.332
7.544	15.430
7.529	15.332
7.573	15.283
7.588	15.527
7.646	15.625
7.632	15.479
7.646	15.625
7.661	15.479
7.690	15.479
7.690	15.625
7.705	15.723
7.734	15.771
7.749	15.869
7.778	15.625
7.793	15.820
7.852	15.918
7.822	15.869
7.837	16.016
7.852	15.918
7.896	16.113
7.910	16.016
7.910	16.064
7.925	16.016
7.954	16.162
7.954	16.211
7.983	16.162
7.998	16.113
8.013	16.309
8.071	16.260
8.057	16.455
8.101	16.357
8.101	16.211
8.101	16.406
8.130	16.406
8.145	16.455
8.188	16.406
8.174	16.504
8.247	16.455
8.232	16.748
8.232	16.553
8.262	16.846
8.276	16.797
8.291	16.748
8.320	16.699
8.320	16.895
8.364	16.943
8.335	16.943
8.394	16.846
8.408	16.699
8.408	17.236
8.437	16.992
8.452	16.992
8.467	17.139
8.467	17.383
8.496	17.139
8.511	17.236
8.569	17.187
8.555	17.236
8.643	17.285
8.628	17.285
8.613	17.432
8.628	17.529
8.657	17.383
8.672	17.480
8.687	17.529
8.687	17.627
8.701	17.529
8.745	17.725
8.774	17.676
8.760	17.773
8.789	17.725
8.833	17.725
8.833	17.725
8.833	17.773
8.848	17.773
8.848	17.822
8.892	17.969
8.936	17.969
8.936	18.262
8.950	18.262
8.965	17.969
9.009	18.066
9.038	18.115
9.038	18.213
9.053	18.164
9.067	18.408
9.111	18.359
9.097	18.408
9.126	18.408
9.155	18.506
9.155	18.408
9.185	18.604
9.214	18.457
9.214	18.408
9.229	18.652
9.287	18.604
9.243	18.359
9.287	18.848
9.316	18.701
9.331	18.848
9.316	18.848
9.360	18.896
9.404	18.848
9.404	18.994
9.419	19.141
9.434	18.994
9.434	19.189
9.478	19.043
9.507	19.189
9.521	6.787
9.536	-0.537
9.551	0.049
9.595	0.342
9.595	0.195
9.609	0.293
9.624	0.195
9.653	0.098
9.712	0.000
9.697	0.000
9.712	0.000
9.727	0.244
9.741	0.195
9.756	0.195
9.829	0.195
9.785	0.342
9.814	0.146
9.829	0.293
9.873	0.146
9.844	0.293
9.888	0.098
9.902	0.098
9.946	-0.049
9.946	0.244
9.961	0.000
9.976	0.195
10.020	0.244
10.020	0.244
10.049	0.049
10.034	0.244
10.093	0.098
10.093	0.293
10.107	0.244
10.151	0.195
10.151	0.049
10.166	0.195
10.195	0.195
10.210	0.098
10.225	0.293
10.239	0.049
10.254	0.098
10.283	0.098
10.298	0.098
10.312	0.098
10.327	0.146
10.371	0.195
10.371	0.098
10.400	0.049
10.415	0.098
10.400	0.098
10.444	0.146
10.503	0.244
10.459	0.049
10.503	0.146
10.488	-0.049
10.488	0.146
10.532	0.244
10.488	0.195
10.444	0.195
10.488	0.293
10.474	0.293
10.488	0.195
10.488	0.146
10.488	0.244
10.488	0.000
10.488	0.098
10.518	0.146
10.474	0.195
10.488	0.098
10.488	0.146
10.488	0.146
10.532	0.146
10.503	0.146
10.488	0.195
10.488	-0.049
10.488	0.146
10.444	0.146
10.488	0.244
10.474	0.049
10.503	0.098
10.503	0.195
10.488	0.146
10.488	0.146
10.503	0.000
10.474	0.146
10.474	0.098
10.488	0.244
10.474	0.049
10.488	0.000
10.488	0.049
10.488	0.195
10.488	0.195
10.488	0.000
10.488	0.244
10.474	-0.098
10.488	0.098
10.459	0.342
10.518	0.000
10.518	0.342
