0.044	0.488
0.029	0.342
0.073	0.439
0.059	0.439
0.029	0.391
0.088	0.342
0.088	0.244
0.117	0.537
0.146	0.195
0.190	0.488
0.176	0.635
0.176	0.684
0.190	0.684
0.205	0.732
0.220	0.879
0.220	0.732
0.264	0.781
0.278	0.928
0.337	1.172
0.322	0.977
0.337	0.977
0.308	1.172
0.366	1.367
0.366	1.318
0.381	1.172
0.396	1.367
0.410	1.318
0.469	1.318
0.454	1.465
0.439	1.514
0.498	1.562
0.483	1.660
0.542	1.416
0.542	1.660
0.557	1.660
0.542	1.611
0.542	1.758
0.571	1.807
0.615	1.904
0.615	1.904
0.615	2.100
0.674	1.953
0.659	2.051
0.659	2.148
0.674	2.148
0.718	2.295
0.747	2.441
0.732	2.441
0.776	2.246
0.820	2.344
0.806	2.441
0.835	2.490
0.806	2.637
0.850	2.637
0.864	2.686
0.864	2.783
0.894	2.783
0.923	2.832
0.923	2.930
0.937	2.979
0.967	2.930
0.967	3.027
0.996	2.979
0.996	3.174
1.040	3.174
1.040	3.369
1.040	3.369
1.069	3.467
1.084	3.369
1.113	3.271
1.157	3.467
1.113	3.711
1.128	3.516
1.143	3.662
1.157	3.809
1.172	3.613
1.230	3.906
1.187	3.906
1.230	3.857
1.245	3.906
1.260	4.004
1.274	4.004
1.274	4.102
1.289	4.102
1.318	4.150
1.333	4.199
1.348	4.102
1.362	4.248
1.362	4.248
1.392	4.297
1.392	4.395
1.421	4.639
1.465	4.590
1.479	4.736
1.479	4.785
1.523	4.639
1.523	4.834
1.538	4.883
1.553	4.980
1.567	4.932
1.626	4.687
1.611	5.029
1.626	5.078
1.611	5.078
1.626	5.127
1.641	4.980
1.670	5.225
1.670	5.078
1.699	5.127
1.699	5.322
1.714	5.371
1.758	5.420
1.743	5.469
1.772	5.420
1.772	5.518
1.816	5.566
1.787	5.615
1.831	5.615
1.846	5.566
1.875	5.713
1.890	5.713
1.890	5.859
1.904	5.957
1.934	5.811
1.963	5.859
1.948	6.006
1.978	6.104
1.992	6.006
2.051	6.055
2.036	6.250
2.051	6.152
2.021	6.250
2.080	6.494
2.080	6.348
2.109	6.299
2.109	6.348
2.124	6.299
2.124	6.543
2.168	6.494
2.153	6.494
2.183	6.592
2.212	6.494
2.241	6.738
2.256	6.641
2.271	6.592
2.256	6.592
2.314	6.689
2.314	6.885
2.329	6.689
2.329	6.689
2.329	6.836
2.300	6.787
2.358	6.836
2.373	6.787
2.402	7.080
2.432	6.982
2.461	6.934
2.461	7.080
2.476	6.934
2.490	7.178
2.520	7.275
2.505	7.178
2.534	7.227
2.534	7.129
2.563	7.275
2.593	7.373
2.607	7.227
2.607	7.324
2.622	7.080
2.666	7.422
2.725	7.422
2.695	7.422
2.695	7.373
2.695	7.471
2.739	7.422
2.739	7.422
2.754	7.568
2.769	7.471
2.783	7.617
2.812	7.617
2.842	7.617
2.827	7.861
2.856	7.275
2.871	7.715
2.900	7.764
2.900	7.764
2.930	7.959
2.930	7.861
2.915	7.959
2.974	7.959
2.988	7.861
3.003	7.959
3.003	7.910
3.003	7.959
3.047	7.959
3.018	8.008
3.076	8.105
3.091	8.057
3.091	8.350
3.120	8.008
3.149	8.203
3.135	8.301
3.164	8.105
3.179	8.398
3.193	8.203
3.223	8.301
3.237	8.008
3.252	8.252
3.267	8.398
3.267	8.447
3.296	8.496
3.325	8.398
3.340	8.154
3.340	8.496
3.340	8.447
3.384	8.545
3.413	8.496
3.413	8.496
3.428	8.643
3.442	8.691
3.442	8.838
3.472	8.838
3.472	8.838
3.486	8.740
3.530	8.789
3.545	8.838
3.574	8.740
3.560	8.887
3.574	8.936
3.589	8.984
3.574	8.887
3.618	8.936
3.618	8.936
3.662	8.936
3.662	9.082
3.706	9.082
3.706	9.131
3.706	9.082
3.721	9.131
3.765	9.033
3.765	9.131
3.779	9.229
3.794	9.375
3.809	9.277
3.838	9.375
3.867	9.375
3.867	9.424
3.911	9.521
3.911	9.229
3.911	9.717
3.926	9.326
3.940	9.424
3.984	9.473
3.970	9.570
3.999	9.521
4.028	9.619
4.028	9.668
4.043	9.668
4.028	9.521
4.058	9.570
4.102	9.766
4.116	9.717
4.116	9.766
4.116	9.717
4.160	9.766
4.160	9.766
4.189	9.766
4.175	9.717
4.189	9.668
4.219	9.912
4.219	9.863
4.263	10.059
4.292	9.912
4.321	9.961
4.307	10.010
4.321	9.961
4.351	10.010
4.351	10.059
4.365	9.961
4.395	10.059
4.395	9.961
4.424	10.107
4.409	10.059
4.438	10.205
4.453	10.205
4.424	10.205
4.497	10.205
4.526	10.449
4.526	10.352
4.512	10.254
4.556	10.449
4.585	10.400
4.600	10.400
4.600	10.205
4.585	10.303
4.644	10.303
4.644	10.498
4.673	10.547
4.687	10.596
4.702	10.498
4.687	10.498
4.717	10.498
4.761	10.596
4.790	10.498
4.790	10.547
4.790	10.742
4.819	10.742
4.834	10.693
4.819	10.693
4.834	10.693
4.863	10.693
4.878	10.840
4.893	10.596
4.893	10.986
4.907	10.840
4.937	10.791
4.937	10.840
4.966	10.791
4.995	11.084
5.010	10.937
5.024	11.084
5.068	11.084
5.068	10.889
5.083	11.133
5.098	11.133
5.112	11.182
5.127	11.230
5.156	11.230
5.156	11.279
5.229	11.279
5.186	11.475
5.229	11.279
5.200	11.426
5.244	11.230
5.259	11.426
5.259	11.523
5.288	11.426
5.303	11.377
5.347	11.475
5.361	11.670
5.332	11.523
5.347	11.523
5.391	11.670
5.420	11.523
5.391	11.670
5.435	11.572
5.449	11.768
5.464	11.621
5.479	11.719
5.479	11.914
5.508	12.061
5.552	10.645
5.566	1.074
5.596	-0.684
5.610	-0.244
5.596	-0.146
5.654	-0.244
5.669	-0.195
5.669	-0.146
5.684	-0.244
5.698	-0.098
5.728	-0.244
5.757	-0.244
5.757	0.049
5.801	-0.195
5.786	-0.098
5.801	-0.049
5.815	-0.049
5.845	-0.244
5.830	-0.195
5.874	-0.195
5.903	-0.342
5.903	-0.244
5.903	-0.391
5.918	-0.244
5.933	-0.195
5.962	-0.146
5.977	-0.244
6.006	-0.146
6.050	-0.195
6.064	-0.391
6.064	-0.195
6.079	-0.195
6.064	-0.342
6.108	-0.146
6.094	-0.146
6.123	-0.195
6.167	-0.293
6.152	-0.488
6.182	-0.195
6.240	-0.293
6.226	-0.146
6.255	-0.049
6.240	-0.342
6.270	-0.342
6.284	-0.049
6.313	0.098
6.284	-0.293
6.299	-0.293
6.270	-0.146
6.328	-0.244
6.299	-0.293
6.284	-0.146
6.284	-0.195
6.313	-0.146
6.284	-0.098
6.313	-0.244
6.270	-0.195
6.284	0.000
6.284	-0.195
6.270	-0.146
6.284	-0.244
6.299	-0.293
6.270	-0.098
6.270	-0.293
6.284	-0.195
6.284	-0.098
6.284	-0.146
6.284	-0.146
6.284	-0.146
6.270	-0.244
6.270	-0.146
6.284	-0.195
6.270	-0.244
6.284	-0.146
6.284	-0.342
6.270	-0.244
6.284	-0.342
6.284	0.000
6.299	-0.244
6.270	-0.098
6.270	-0.195
6.270	-0.244
6.343	-0.195
6.284	-0.146
6.284	-0.195
6.284	-0.293
6.284	-0.293
6.284	-0.049
6.284	-0.146
6.328	-0.098
6.284	-0.342
6.299	-0.146
6.270	-0.244
6.284	-0.098
6.284	-0.146
6.299	-0.244
6.284	-0.342
6.240	-0.146
6.284	-0.049
6.299	-0.146
6.284	-0.195
6.284	-0.146
6.313	-0.098
6.299	-0.195
6.284	-0.244
6.284	-0.244
6.284	-0.195
6.284	-0.195
6.299	-0.146
6.313	-0.195
6.270	-0.244
6.270	-0.244
6.284	-0.195
6.255	-0.488
6.284	-0.391
6.270	-0.195
6.255	-0.146
6.284	-0.049
6.284	-0.342
6.284	-0.195
6.284	-0.146
6.343	-0.293
6.284	-0.098
6.284	-0.195
6.299	-0.244
6.299	-0.098
6.313	-0.146
6.299	-0.146
6.284	-0.244
6.284	-0.195
6.284	-0.146
6.270	-0.195
6.270	-0.244
6.299	-0.146
