1.025	-0.146
1.040	0.293
1.040	0.244
1.040	-0.049
1.025	0.146
1.040	0.098
1.025	0.049
1.025	0.049
1.040	0.000
1.040	0.049
1.040	-0.049
1.025	0.000
1.069	-0.098
1.055	0.000
1.069	-0.146
1.025	0.098
1.069	0.049
1.084	0.098
1.084	0.098
1.099	0.000
1.099	0.049
1.128	0.146
1.113	-0.244
1.157	-0.049
1.157	0.000
1.172	0.146
1.172	0.049
1.187	0.000
1.201	-0.049
1.216	0.000
1.245	0.049
1.230	0.146
1.274	-0.098
1.304	0.000
1.289	0.244
1.289	0.049
1.304	0.195
1.318	0.098
1.333	0.244
1.362	0.195
1.362	0.391
1.392	0.244
1.392	0.146
1.392	0.146
1.406	0.098
1.436	0.098
1.436	0.342
1.479	0.195
1.479	0.195
1.479	0.244
1.509	0.195
1.509	0.293
1.523	0.391
1.538	0.098
1.538	0.244
1.553	0.342
1.626	0.195
1.582	0.146
1.567	0.439
1.611	0.342
1.626	0.342
1.699	0.293
1.655	0.439
1.655	0.439
1.655	0.439
1.699	0.488
1.699	0.488
1.714	0.586
1.743	0.391
1.772	0.830
1.787	0.781
1.802	0.732
1.802	0.684
1.846	1.025
1.831	0.684
1.860	0.830
1.860	0.879
1.875	0.781
1.904	0.830
1.963	0.879
1.934	0.879
1.963	1.025
1.948	1.123
2.007	1.025
2.007	1.221
2.007	1.074
2.036	1.221
2.036	1.221
2.065	1.025
2.109	1.270
2.095	1.221
2.080	1.270
2.109	1.221
2.124	1.611
2.139	1.416
2.168	1.416
2.153	1.465
2.197	1.660
2.197	1.709
2.212	1.611
2.227	1.514
2.256	1.709
2.241	1.611
2.271	1.709
2.271	1.758
2.314	1.709
2.329	1.904
2.329	2.100
2.344	1.904
2.388	2.148
2.373	2.002
2.402	1.855
2.417	2.100
2.432	2.197
2.446	2.295
2.461	2.197
2.476	2.246
2.505	2.295
2.490	2.295
2.476	2.441
2.549	2.393
2.563	2.539
2.578	2.637
2.593	2.637
2.607	2.588
2.607	2.881
2.651	2.539
2.651	2.832
2.651	2.832
2.681	2.832
2.681	2.734
2.725	2.588
2.725	2.930
2.754	3.076
2.754	3.076
2.812	3.174
2.798	3.174
2.827	3.174
2.798	3.125
2.827	3.174
2.871	3.174
2.871	3.320
2.915	3.418
2.900	3.467
2.930	3.467
2.900	3.467
2.959	3.662
2.988	3.516
3.047	3.662
3.003	3.760
3.032	4.004
3.018	3.906
3.047	3.711
3.076	4.053
3.076	3.906
3.105	3.955
3.105	3.955
3.164	4.004
3.149	4.004
3.149	4.102
3.164	4.248
3.164	4.199
3.193	4.004
3.193	4.199
3.223	4.346
3.252	4.443
3.237	4.443
3.223	4.639
3.281	4.443
3.296	4.395
3.311	4.443
3.340	4.492
3.325	4.687
3.354	4.736
3.369	4.639
3.398	4.492
3.398	4.639
3.428	4.834
3.428	4.883
3.457	4.834
3.457	5.029
3.501	4.785
3.516	4.980
3.472	4.980
3.516	4.932
3.516	5.127
3.545	5.225
3.560	5.225
3.589	5.225
3.618	5.322
3.633	5.420
3.691	5.225
3.647	5.420
3.662	5.371
3.662	5.420
3.691	5.566
3.691	5.469
3.721	5.615
3.735	5.469
3.750	5.518
3.765	5.615
3.794	5.811
3.809	5.811
3.838	5.762
3.853	5.811
3.867	5.908
3.867	5.811
3.882	5.762
3.911	6.006
3.926	5.908
3.940	6.055
3.955	5.859
3.955	6.201
3.955	6.152
3.999	6.348
3.999	6.152
3.999	6.299
3.999	6.348
4.043	6.250
4.087	6.250
4.087	6.445
4.102	6.543
4.131	6.348
4.131	6.396
4.160	6.592
4.175	6.787
4.175	6.641
4.219	6.641
4.219	6.494
4.233	6.689
4.263	6.787
4.263	6.836
4.263	6.885
4.307	6.836
4.307	6.787
4.321	6.934
4.365	7.129
4.365	6.787
4.365	7.031
4.395	7.275
4.424	7.178
4.424	7.227
4.438	7.080
4.468	7.129
4.468	7.129
4.482	7.422
4.512	7.275
4.541	7.373
4.541	7.324
4.556	7.324
4.585	7.568
4.585	7.422
4.614	7.617
4.614	7.666
4.614	7.812
4.644	7.666
4.702	7.666
4.717	7.715
4.673	7.861
4.717	7.764
4.746	7.666
4.775	7.910
4.761	7.861
4.790	8.008
4.805	7.812
4.819	7.959
4.834	7.959
4.834	8.008
4.863	8.252
4.893	8.154
4.922	8.105
4.907	7.910
4.937	8.252
4.980	8.350
4.995	8.252
4.995	8.301
4.966	8.350
4.995	8.252
4.995	8.252
5.024	8.350
5.068	8.447
5.068	8.594
5.098	8.496
5.127	8.496
5.171	8.545
5.142	8.643
5.127	8.545
5.156	8.594
5.186	8.838
5.200	8.887
5.200	8.594
5.215	8.740
5.259	8.936
5.288	8.887
5.288	8.887
5.303	8.887
5.303	8.887
5.332	8.887
5.317	8.887
5.347	9.082
5.391	9.082
5.361	9.082
5.405	9.326
5.420	9.424
5.435	9.131
5.449	9.180
5.464	9.131
5.479	9.180
5.479	9.424
5.522	9.229
5.508	9.326
5.552	9.473
5.581	9.277
5.596	9.326
5.566	9.424
5.610	9.424
5.625	9.229
5.640	9.521
5.684	9.473
5.669	9.766
5.669	9.473
5.698	9.619
5.713	9.668
5.742	9.570
5.742	9.668
5.771	9.619
5.771	9.814
5.786	9.766
5.801	9.961
5.815	9.814
5.830	9.912
5.845	9.863
5.874	9.766
5.889	9.814
5.874	10.010
5.918	10.010
5.933	10.205
5.903	9.912
5.962	10.107
5.991	10.254
6.006	10.107
6.021	10.107
6.064	10.156
6.035	10.010
6.079	10.205
6.079	10.254
6.094	10.156
6.123	10.303
6.123	10.254
6.152	10.205
6.167	10.547
6.167	10.400
6.211	10.352
6.255	10.400
6.211	10.547
6.240	10.547
6.240	10.547
6.270	10.205
6.284	10.547
6.313	10.596
6.328	10.547
6.328	10.596
6.357	10.645
6.387	10.596
6.387	10.742
6.401	10.791
6.431	10.840
6.445	10.742
6.475	10.889
6.460	10.889
6.445	10.840
6.489	11.035
6.504	10.840
6.533	10.791
6.533	10.937
6.562	11.133
6.577	10.937
6.606	10.937
6.636	11.133
6.636	11.133
6.650	11.133
6.694	11.328
6.680	11.182
6.694	11.230
6.738	11.279
6.738	11.182
6.768	11.084
6.768	11.279
6.782	11.328
6.826	11.377
6.826	11.475
6.826	11.523
6.899	11.328
6.870	11.572
6.870	11.426
6.899	11.426
6.929	11.475
6.929	11.523
6.943	11.426
6.973	11.523
6.973	11.523
7.002	11.621
7.017	11.523
7.017	11.572
7.046	11.670
7.046	11.523
7.075	11.865
7.119	11.816
7.119	11.816
7.134	11.719
7.192	11.768
7.163	11.963
7.192	11.914
7.207	11.865
7.222	11.963
7.236	11.963
7.251	11.963
7.266	11.914
7.295	12.012
7.280	11.719
7.310	11.914
7.339	11.963
7.354	12.305
7.368	12.061
7.354	12.256
7.412	12.207
7.412	12.256
7.456	12.207
7.456	12.305
7.471	12.500
7.485	12.109
7.515	12.402
7.515	12.256
7.529	12.305
7.559	12.354
7.559	12.402
7.588	12.402
7.603	12.402
7.617	12.451
7.661	12.402
7.646	12.500
7.661	12.451
7.705	12.451
7.676	12.549
7.734	12.500
7.764	12.646
7.778	12.500
7.778	12.549
7.764	12.354
7.808	12.598
7.793	12.500
7.837	12.598
7.866	12.598
7.881	12.598
7.896	12.695
7.910	12.744
7.969	12.695
7.954	12.793
7.983	12.598
7.983	12.549
7.998	12.549
8.013	13.135
8.057	12.891
8.101	13.086
8.130	13.086
8.115	13.037
8.130	12.891
8.159	12.988
8.159	13.037
8.203	13.037
8.203	12.988
8.232	12.939
8.218	13.037
8.247	13.037
8.291	13.135
8.291	13.037
8.291	13.135
8.320	13.184
8.335	13.232
8.335	13.281
8.379	13.330
8.394	13.232
8.408	13.232
8.423	13.330
8.452	13.379
8.452	13.379
8.481	13.281
8.496	13.281
8.511	13.428
8.525	13.477
8.584	13.721
8.569	13.477
8.599	13.525
8.613	13.525
8.628	13.672
8.643	13.672
8.657	13.672
8.643	13.623
8.701	13.721
8.716	13.721
8.730	13.672
8.745	13.721
8.760	13.721
8.789	13.721
8.818	13.965
8.833	13.916
8.848	13.867
8.892	13.721
8.892	13.965
8.921	13.965
8.906	13.867
8.921	13.965
8.965	14.014
8.965	14.160
8.965	14.062
8.979	14.062
9.053	14.062
9.038	14.258
9.053	13.965
9.097	14.307
9.097	14.111
9.126	14.258
9.141	14.160
9.155	14.258
9.170	14.209
9.199	14.111
9.214	14.355
9.258	14.355
9.258	14.404
9.258	14.355
9.272	14.502
9.272	14.551
9.316	14.551
9.346	14.648
9.360	14.502
9.360	14.746
9.390	14.648
9.419	14.648
9.434	14.844
9.448	14.844
9.448	14.990
9.492	14.844
9.492	14.844
9.521	14.697
9.536	14.795
9.595	14.795
9.565	14.893
9.580	14.893
9.609	15.088
9.624	15.039
9.653	15.088
9.668	15.234
9.697	14.941
9.712	14.990
9.712	15.137
9.741	15.234
9.771	15.381
9.785	15.381
9.814	15.234
9.858	15.381
9.814	15.625
9.829	15.625
9.873	15.381
9.858	15.381
9.946	15.576
9.917	15.625
9.932	15.332
9.976	15.576
10.034	15.527
10.005	15.771
10.005	15.479
10.034	15.332
10.049	15.479
10.063	15.723
10.122	15.771
10.093	15.869
10.137	15.918
10.137	15.869
10.151	15.820
10.181	15.918
10.195	15.918
10.225	16.064
10.239	16.064
10.254	16.064
10.269	16.113
10.298	16.064
10.298	16.064
10.327	16.113
10.342	16.211
10.400	16.309
10.371	16.455
10.400	16.309
10.430	16.211
10.430	16.260
10.459	16.357
10.474	16.406
10.474	16.357
10.503	16.504
10.518	16.553
10.547	16.455
10.547	16.553
10.576	16.553
10.562	16.943
10.605	16.553
10.635	16.748
10.664	16.650
10.679	16.797
10.693	16.797
10.737	16.797
10.737	16.846
10.737	16.846
10.767	16.797
10.767	17.041
10.781	16.992
10.811	17.187
10.869	17.041
10.840	17.139
10.898	17.090
10.913	17.285
10.884	17.285
10.898	17.187
10.928	17.187
10.972	17.285
10.972	17.334
10.986	17.578
10.986	17.187
10.986	17.529
11.045	17.578
11.060	17.383
11.074	17.627
11.104	17.529
11.118	17.627
11.147	17.676
11.118	17.529
11.191	17.578
11.191	17.578
11.221	17.822
11.206	17.773
11.279	17.773
11.265	17.920
11.265	17.822
11.294	17.822
11.323	18.066
11.338	18.066
11.323	18.115
11.367	17.969
11.396	18.164
11.411	18.018
11.440	18.164
11.470	18.262
11.470	18.213
11.470	18.359
11.514	18.262
11.528	18.408
11.587	18.506
11.558	18.311
11.558	18.555
11.602	18.408
11.587	18.506
11.616	18.506
11.646	18.652
11.660	18.750
11.689	18.555
11.689	18.848
11.733	18.750
11.748	18.750
11.763	18.848
11.777	18.848
11.807	18.799
11.807	18.945
11.821	18.945
11.865	18.994
11.865	18.945
11.895	19.043
11.909	18.896
11.909	19.141
11.953	19.287
11.953	19.189
11.982	19.336
11.997	19.141
12.012	19.238
12.041	19.336
12.056	19.336
12.041	19.385
12.100	19.385
12.114	19.434
12.129	19.482
12.158	19.580
12.173	19.678
12.202	19.629
12.231	19.678
12.261	19.678
12.261	19.873
12.275	19.678
12.275	19.873
12.305	19.922
12.349	19.775
12.319	19.922
12.363	19.824
12.363	20.020
12.393	19.971
12.422	20.068
12.437	20.166
12.451	20.215
12.480	20.166
12.480	20.312
12.524	20.312
12.539	8.447
12.539	-0.928
12.583	-0.342
12.583	0.000
12.627	-0.244
12.627	-0.342
12.656	-0.098
12.642	-0.049
12.686	-0.244
12.671	-0.439
12.729	-0.244
12.744	-0.195
12.773	-0.195
12.803	-0.342
12.773	-0.195
12.832	-0.195
12.832	-0.342
12.861	-0.146
12.832	-0.391
12.935	-0.293
12.949	-0.342
12.949	-0.391
12.979	-0.439
12.993	-0.195
12.993	-0.342
13.008	-0.244
13.052	-0.342
13.066	-0.146
13.081	-0.244
13.110	-0.146
13.110	-0.342
13.140	-0.146
13.140	-0.537
13.169	-0.439
13.198	-0.195
13.213	-0.244
13.213	-0.244
13.257	-0.146
13.257	-0.195
13.257	-0.244
13.242	-0.342
13.257	-0.146
13.242	-0.244
13.257	-0.391
13.257	-0.195
13.271	-0.244
13.257	-0.098
13.257	-0.098
13.242	-0.195
13.257	-0.342
13.228	-0.098
13.257	-0.244
13.198	-0.146
13.257	-0.293
13.301	-0.391
13.257	-0.244
13.257	-0.244
13.257	-0.244
13.271	-0.195
13.257	-0.195
13.271	-0.146
13.257	-0.195
13.257	-0.244
13.242	-0.098
13.257	-0.244
13.257	-0.293
13.257	-0.195
13.257	-0.293
13.257	-0.146
13.257	-0.439
13.271	-0.195
13.271	-0.049
13.257	-0.244
13.286	-0.195
13.242	-0.342
13.257	-0.244
13.257	-0.049
13.228	-0.098
13.271	-0.342
13.257	-0.342
13.257	-0.342
13.271	-0.342
13.257	-0.244
13.257	-0.244
13.257	-0.195
13.242	-0.146
13.242	-0.244
13.257	-0.098
13.257	-0.244
13.257	-0.098
13.257	-0.293
