0.059	0.049
0.029	0.000
0.029	0.293
0.029	0.049
0.000	0.195
0.029	0.244
0.059	0.098
0.059	0.195
0.088	0.293
0.073	-0.098
0.103	0.342
0.132	0.146
0.161	0.244
0.161	0.195
0.161	0.244
0.190	0.195
0.161	0.195
0.205	0.146
0.205	0.098
0.161	0.098
0.264	0.195
0.249	0.098
0.264	0.098
0.293	0.244
0.278	0.244
0.293	0.049
0.322	0.146
0.352	0.146
0.352	0.146
0.366	0.244
0.366	0.293
0.410	0.098
0.410	-0.098
0.396	0.244
0.410	0.391
0.410	0.342
0.439	0.195
0.469	0.342
0.483	0.244
0.498	0.244
0.498	0.195
0.498	0.342
0.513	0.439
0.513	0.195
0.571	0.293
0.571	0.244
0.586	0.439
0.615	0.391
0.630	0.488
0.645	0.293
0.659	0.488
0.659	0.488
0.674	0.586
0.688	0.439
0.688	0.586
0.703	0.586
0.718	0.537
0.732	0.635
0.747	0.684
0.762	0.439
0.776	0.537
0.776	0.635
0.806	0.586
0.850	0.732
0.850	0.684
0.850	0.781
0.850	0.635
0.908	0.684
0.908	0.879
0.923	0.879
0.937	0.879
0.952	0.977
0.952	0.928
0.967	0.781
0.996	1.025
1.011	1.074
0.996	1.025
1.025	1.074
1.069	1.025
1.084	1.074
1.069	1.074
1.084	0.977
1.113	1.318
1.157	1.172
1.157	1.270
1.187	1.416
1.187	1.221
1.201	1.318
1.216	1.318
1.245	1.318
1.260	1.416
1.274	1.465
1.245	1.367
1.304	1.562
1.304	1.660
1.318	1.660
1.362	1.758
1.362	1.758
1.392	1.709
1.406	1.660
1.406	1.904
1.450	1.904
1.465	2.002
1.479	2.002
1.465	1.953
1.509	2.148
1.523	2.148
1.538	2.148
1.523	2.148
1.553	2.197
1.567	2.246
1.597	2.246
1.611	2.246
1.611	2.393
1.641	2.393
1.641	2.490
1.685	2.588
1.699	2.539
1.699	2.490
1.699	2.588
1.729	2.637
1.729	2.832
1.787	2.783
1.802	2.734
1.846	2.832
1.831	2.832
1.860	3.027
1.875	2.881
1.875	3.125
1.875	3.125
1.904	3.076
1.919	3.027
1.948	3.125
1.934	3.320
1.992	3.223
1.992	3.369
2.007	3.271
2.021	3.467
2.036	3.467
2.051	3.418
2.051	3.516
2.080	3.662
2.139	3.711
2.109	3.662
2.153	3.711
2.153	3.906
2.124	3.760
2.168	3.857
2.168	3.857
2.168	3.809
2.183	4.053
2.212	3.906
2.241	4.004
2.241	4.053
2.285	4.102
2.285	4.199
2.300	4.248
2.329	4.150
2.358	4.297
2.358	4.395
2.358	4.346
2.373	4.395
2.432	4.395
2.402	4.541
2.432	4.541
2.432	4.639
2.446	4.541
2.461	4.590
2.476	4.834
2.505	4.785
2.490	4.785
2.534	4.736
2.549	4.785
2.563	4.834
2.549	4.980
2.578	5.029
2.593	4.932
2.593	4.687
2.622	4.980
2.651	5.127
2.637	5.127
2.681	5.322
2.695	4.980
2.725	5.176
2.769	5.273
2.754	5.322
2.739	5.322
2.754	5.371
2.769	5.371
2.856	5.322
2.812	5.469
2.798	5.566
2.856	5.518
2.871	5.762
2.871	5.811
2.900	5.713
2.900	5.664
2.930	5.811
2.930	5.713
2.988	5.615
2.959	5.762
2.974	5.811
2.988	6.006
3.032	6.201
3.047	6.006
3.047	6.055
3.062	6.104
3.091	6.152
3.091	6.250
3.076	6.201
3.135	6.250
3.149	6.445
3.149	6.348
3.164	6.348
3.179	6.348
3.193	6.543
3.237	6.836
3.252	6.543
3.267	6.494
3.281	6.396
3.281	6.689
3.267	6.641
3.340	6.934
3.340	6.689
3.369	6.787
3.369	7.031
3.384	7.031
3.428	6.934
3.413	6.885
3.457	7.031
3.472	6.982
3.472	6.738
3.501	6.738
3.501	6.934
3.530	7.129
3.574	7.080
3.560	7.178
3.604	7.080
3.589	7.031
3.633	7.227
3.618	7.275
3.633	7.324
3.647	7.324
3.662	7.178
3.691	7.275
3.691	7.422
3.706	7.422
3.706	7.422
3.765	7.568
3.765	7.568
3.779	7.617
3.794	7.764
3.823	7.520
3.823	7.715
3.853	7.666
3.867	7.715
3.867	7.812
3.911	7.666
3.926	7.910
3.911	7.861
3.970	7.861
3.970	7.861
3.984	7.812
4.014	7.910
4.014	7.910
4.043	8.008
4.058	7.959
4.058	8.008
4.072	8.057
4.087	8.008
4.102	8.057
4.116	8.154
4.146	8.154
4.160	8.203
4.160	8.154
4.189	8.203
4.189	8.252
4.204	8.203
4.233	8.398
4.248	8.496
4.248	8.252
4.263	8.203
4.292	8.154
4.307	8.496
4.336	8.496
4.336	8.545
4.351	8.350
4.365	8.398
4.395	8.496
4.395	8.301
4.438	8.496
4.424	8.643
4.438	8.643
4.453	8.545
4.482	8.643
4.482	8.643
4.512	8.691
4.526	8.887
4.526	8.691
4.541	8.594
4.570	8.691
4.585	8.789
4.570	8.838
4.570	8.789
4.629	8.936
4.673	8.936
4.658	8.887
4.673	8.740
4.673	8.838
4.731	8.984
4.702	9.033
4.746	8.984
4.731	8.887
4.761	9.033
4.746	8.887
4.775	9.131
4.819	9.229
4.863	9.180
4.849	9.180
4.849	9.131
4.893	9.180
4.878	9.082
4.907	9.375
4.907	9.375
4.937	9.424
4.951	9.424
4.966	9.375
5.024	9.229
5.024	9.277
5.010	9.375
5.068	9.424
5.039	9.424
5.083	9.521
5.083	9.473
5.098	9.473
5.098	9.473
5.127	9.521
5.156	9.570
5.156	9.570
5.186	9.717
5.171	9.668
5.215	9.619
5.200	9.814
5.215	9.570
5.259	9.668
5.273	9.766
5.273	9.424
5.303	9.961
5.317	9.717
5.332	9.814
5.391	9.912
5.347	9.619
5.376	9.814
5.391	9.814
5.435	9.863
5.435	9.814
5.464	10.156
5.479	9.961
5.493	9.961
5.508	10.010
5.537	10.010
5.522	10.059
5.566	10.010
5.581	10.010
5.566	9.961
5.610	10.254
5.596	10.156
5.610	10.254
5.640	9.961
5.669	10.205
5.669	10.156
5.698	10.205
5.728	10.352
5.728	10.400
5.742	10.303
5.757	10.449
5.742	10.205
5.786	10.352
5.830	10.156
5.830	10.352
5.845	10.498
5.874	10.352
5.859	10.498
5.874	10.498
5.903	10.400
5.933	10.645
5.933	10.498
5.947	10.693
5.947	10.693
6.006	10.693
6.006	10.498
6.021	10.645
6.050	10.742
6.050	10.645
6.108	10.547
6.079	10.742
6.123	10.791
6.123	10.937
6.138	10.937
6.182	10.937
6.167	10.742
6.196	10.986
6.226	10.889
6.226	10.840
6.240	10.889
6.240	10.937
6.284	11.035
6.270	11.035
6.313	10.889
6.343	11.279
6.357	11.133
6.357	11.035
6.387	11.084
6.387	11.230
6.431	11.084
6.445	11.182
6.445	11.230
6.460	11.084
6.489	11.426
6.489	11.035
6.504	11.377
6.519	11.377
6.548	11.279
6.548	11.230
6.562	11.328
6.577	11.328
6.621	11.475
6.636	11.475
6.665	11.377
6.665	11.523
6.724	11.230
6.680	11.816
6.709	11.523
6.724	11.621
6.738	11.719
6.797	11.475
6.768	11.719
6.812	11.572
6.797	12.207
6.855	11.816
6.841	11.816
6.870	11.572
6.899	11.816
6.899	11.816
6.929	11.865
6.943	11.768
6.958	11.768
6.973	11.865
7.002	11.914
7.002	11.914
7.031	12.012
7.061	12.158
7.061	12.158
7.090	12.012
7.090	12.012
7.104	12.012
7.134	12.256
7.148	12.158
7.134	12.305
7.178	12.354
7.192	12.402
7.236	12.549
7.222	12.207
7.266	12.402
7.280	12.354
7.280	12.500
7.324	12.354
7.310	12.598
7.354	12.402
7.339	12.402
7.368	12.451
7.383	11.230
7.397	0.928
7.441	-0.391
7.427	0.098
7.456	0.000
7.471	-0.049
7.500	0.098
7.515	-0.098
7.500	-0.098
7.544	-0.146
7.573	0.098
7.588	-0.146
7.603	-0.195
7.617	0.000
7.603	-0.146
7.661	-0.049
7.661	0.049
7.690	0.000
7.690	0.000
7.690	-0.146
7.749	0.000
7.720	0.000
7.778	-0.146
7.778	-0.293
7.808	-0.146
7.822	-0.098
7.837	-0.098
7.822	0.000
7.881	-0.049
7.881	0.000
7.939	-0.098
7.910	-0.146
7.954	-0.049
7.954	-0.049
7.983	-0.049
7.998	-0.146
8.013	-0.049
8.027	0.000
8.013	-0.049
8.071	-0.146
8.042	-0.098
8.013	-0.146
7.998	0.000
8.013	-0.146
7.998	-0.195
8.013	-0.049
7.998	-0.244
8.013	-0.244
7.998	0.049
8.027	-0.049
8.013	-0.049
8.013	0.000
8.027	-0.049
8.013	0.000
7.983	-0.098
8.013	-0.391
8.013	-0.146
8.013	-0.049
8.027	-0.244
8.013	-0.098
8.013	-0.098
8.013	0.049
8.042	0.049
8.013	-0.098
7.998	0.000
8.013	0.098
7.998	-0.049
8.013	0.049
8.027	-0.098
8.013	-0.146
8.013	-0.049
8.013	-0.049
8.027	-0.049
7.998	0.098
8.027	0.000
8.057	-0.195
8.027	-0.049
8.013	0.049
8.013	-0.146
7.998	-0.098
8.027	-0.146
8.027	-0.146
8.042	-0.537
8.013	-0.049
7.998	0.049
8.013	-0.049
7.998	-0.146
8.013	-0.146
8.042	-0.391
