0.044	0.146
0.029	0.049
0.059	0.391
0.044	0.195
0.059	0.098
0.044	0.439
0.073	0.293
0.103	0.098
0.103	0.293
0.132	0.244
0.132	0.195
0.146	0.195
0.146	0.146
0.161	0.391
0.190	0.098
0.190	0.049
0.249	0.342
0.220	0.391
0.220	0.244
0.234	0.293
0.234	0.195
0.249	0.537
0.278	0.342
0.278	0.342
0.322	0.391
0.322	0.293
0.337	0.488
0.352	0.439
0.366	0.195
0.410	0.439
0.396	0.391
0.410	0.684
0.396	0.684
0.469	0.586
0.439	0.537
0.454	0.586
0.483	0.537
0.469	0.684
0.483	0.635
0.498	0.684
0.527	0.684
0.527	0.732
0.571	0.732
0.542	0.830
0.571	0.830
0.601	0.879
0.601	0.928
0.630	0.781
0.630	0.977
0.659	0.977
0.674	0.977
0.659	1.123
0.703	1.221
0.732	1.172
0.718	1.172
0.762	0.830
0.791	1.172
0.791	1.074
0.791	1.367
0.820	1.221
0.835	1.465
0.835	1.416
0.820	0.977
0.850	1.416
0.879	1.514
0.894	1.367
0.923	1.660
0.952	1.611
0.981	1.709
0.996	1.709
1.011	1.660
1.025	1.611
1.055	1.807
1.040	1.855
1.084	1.855
1.084	1.855
1.084	2.002
1.099	1.904
1.113	2.246
1.157	2.002
1.187	2.148
1.187	2.197
1.187	2.246
1.201	2.246
1.230	2.295
1.245	2.490
1.260	2.393
1.260	2.441
1.274	2.490
1.289	2.490
1.289	2.783
1.333	2.539
1.348	2.588
1.304	2.832
1.392	2.734
1.406	2.930
1.406	2.734
1.421	2.832
1.436	2.979
1.450	2.979
1.479	3.125
1.479	2.930
1.494	3.076
1.523	3.125
1.538	3.174
1.523	3.223
1.538	3.271
1.582	3.369
1.597	3.320
1.626	3.223
1.626	3.369
1.655	3.467
1.685	3.857
1.685	3.711
1.699	3.711
1.714	3.662
1.743	3.662
1.743	3.809
1.758	3.809
1.743	3.857
1.772	4.053
1.772	4.004
1.802	3.955
1.831	4.004
1.860	3.906
1.860	4.248
1.875	4.102
1.904	4.395
1.919	4.150
1.919	4.102
1.934	4.248
1.934	4.346
1.963	4.492
2.007	4.443
1.963	4.443
1.992	4.687
2.036	4.834
2.036	4.687
2.065	4.834
2.065	4.785
2.080	4.834
2.095	4.785
2.124	4.932
2.080	4.883
2.139	4.883
2.153	4.785
2.168	5.029
2.183	5.029
2.197	5.078
2.227	5.176
2.241	5.322
2.256	5.176
2.256	5.225
2.285	5.420
2.314	5.225
2.300	5.371
2.329	5.322
2.329	5.615
2.329	5.566
2.344	5.566
2.402	5.518
2.402	5.713
2.388	5.615
2.417	5.615
2.417	5.615
2.461	5.615
2.461	5.762
2.490	5.615
2.461	5.469
2.520	5.957
2.520	5.762
2.534	6.055
2.563	6.006
2.563	5.859
2.593	6.055
2.607	6.299
2.607	6.104
2.637	6.201
2.666	6.299
2.666	6.104
2.681	6.348
2.710	6.348
2.710	6.445
2.725	6.396
2.798	6.445
2.754	6.592
2.754	6.543
2.783	6.396
2.812	6.592
2.842	6.543
2.842	6.592
2.842	6.592
2.871	6.787
2.886	6.836
2.915	6.885
2.915	6.885
2.930	6.885
2.959	7.178
2.959	6.934
2.988	6.934
3.003	7.031
2.988	6.934
3.018	7.031
3.032	7.227
3.062	7.275
3.047	7.178
3.062	6.885
3.105	7.178
3.120	7.275
3.135	7.080
3.149	7.373
3.193	7.520
3.193	7.471
3.208	7.422
3.223	7.471
3.237	7.471
3.267	7.617
3.281	7.666
3.267	7.715
3.296	7.666
3.311	7.764
3.340	7.617
3.325	7.715
3.354	7.861
3.369	7.910
3.398	7.861
3.384	7.959
3.428	7.910
3.428	7.910
3.442	8.057
3.501	8.154
3.486	8.057
3.501	7.861
3.516	8.203
3.545	7.959
3.574	8.203
3.589	8.154
3.560	8.301
3.604	8.154
3.618	8.398
3.618	8.496
3.662	8.350
3.662	8.447
3.677	8.398
3.706	8.350
3.706	8.545
3.721	8.496
3.750	8.398
3.779	8.447
3.779	8.350
3.794	8.398
3.809	8.594
3.809	8.594
3.823	8.691
3.853	8.496
3.867	8.691
3.867	8.887
3.896	8.936
3.896	8.838
3.940	8.740
3.984	8.887
3.970	8.936
3.984	8.984
3.999	8.887
4.028	8.984
4.043	8.984
4.043	8.984
4.072	8.984
4.058	8.984
4.102	9.082
4.131	9.082
4.116	8.936
4.131	9.229
4.160	9.180
4.175	9.033
4.189	9.131
4.204	9.326
4.219	9.229
4.233	9.521
4.263	9.277
4.248	9.277
4.277	9.277
4.292	9.473
4.321	9.375
4.321	9.473
4.351	9.424
4.365	9.521
4.365	9.570
4.365	9.473
4.395	9.668
4.409	9.619
4.424	9.619
4.453	9.619
4.438	9.766
4.512	9.961
4.526	9.814
4.512	9.668
4.526	9.717
4.541	9.668
4.556	9.619
4.570	9.668
4.585	9.766
4.600	9.912
4.629	9.814
4.629	9.961
4.658	9.912
4.644	9.717
4.673	9.814
4.687	9.863
4.717	9.863
4.731	9.912
4.746	9.863
4.775	10.059
4.761	10.059
4.805	10.010
4.819	10.059
4.819	10.107
4.819	10.254
4.863	10.156
4.849	9.814
4.878	10.205
4.893	10.059
4.937	10.156
4.937	10.254
4.937	10.156
4.951	10.205
4.980	10.059
5.010	10.254
5.010	10.156
5.039	10.352
5.083	10.400
5.068	10.303
5.083	10.303
5.083	10.254
5.127	10.693
5.112	10.547
5.156	10.547
5.156	10.303
5.171	10.449
5.186	10.596
5.215	10.645
5.229	10.693
5.229	10.449
5.273	10.596
5.288	10.303
5.288	10.840
5.303	10.596
5.332	10.547
5.332	10.645
5.332	10.742
5.347	10.596
5.391	10.791
5.405	10.693
5.420	10.693
5.420	10.742
5.449	10.937
5.464	10.889
5.493	10.937
5.493	10.889
5.508	11.084
5.537	10.889
5.566	11.035
5.537	10.693
5.610	11.133
5.625	11.279
5.625	11.035
5.654	11.133
5.684	11.182
5.684	11.182
5.698	11.133
5.728	11.035
5.728	11.182
5.757	11.133
5.757	11.084
5.771	10.986
5.771	11.328
5.801	11.182
5.815	11.279
5.830	11.279
5.830	11.279
5.874	11.279
5.874	11.426
5.903	11.426
5.918	11.279
5.933	11.279
5.947	11.426
5.962	11.572
5.991	11.670
5.977	11.719
6.006	11.426
6.035	11.475
6.050	11.572
6.064	11.426
6.094	11.426
6.108	11.523
6.138	11.621
6.138	11.621
6.152	11.670
6.182	11.670
6.182	11.328
6.182	11.670
6.196	11.670
6.240	11.963
6.240	11.670
6.270	11.670
6.270	11.914
6.299	11.963
6.387	11.719
6.313	11.963
6.372	11.914
6.343	11.816
6.401	11.865
6.416	11.914
6.401	11.865
6.431	11.914
6.431	11.865
6.460	11.963
6.475	11.914
6.519	11.670
6.533	12.061
6.548	12.012
6.562	12.158
6.577	12.109
6.592	12.061
6.621	12.305
6.621	12.207
6.606	12.158
6.665	12.061
6.680	12.012
6.709	12.305
6.709	12.305
6.738	12.256
6.709	12.500
6.768	12.500
6.782	12.598
6.826	12.500
6.812	12.451
6.826	12.402
6.855	12.598
6.855	12.549
6.870	12.549
6.899	12.646
6.914	12.500
6.929	12.451
6.958	12.793
6.973	12.744
6.987	12.695
7.002	12.695
7.017	12.793
7.031	12.598
7.061	12.793
7.090	12.793
7.119	12.891
7.104	12.891
7.134	12.842
7.134	12.939
7.163	12.744
7.178	12.793
7.178	13.037
7.222	12.939
7.236	13.086
7.251	13.037
7.266	12.988
7.295	13.037
7.295	13.037
7.324	12.988
7.339	12.939
7.368	13.086
7.368	13.086
7.354	13.086
7.412	13.086
7.427	13.135
7.441	13.428
7.456	13.281
7.485	13.281
7.500	13.281
7.500	13.281
7.529	13.428
7.544	13.330
7.573	13.428
7.588	13.184
7.617	13.428
7.661	13.428
7.632	13.428
7.646	13.574
7.676	13.525
7.690	13.525
7.690	13.428
7.734	13.770
7.734	13.770
7.749	13.623
7.793	13.770
7.793	13.916
7.793	13.770
7.837	13.818
7.837	13.965
7.866	13.916
7.881	13.721
7.896	13.867
7.896	14.160
7.939	13.916
7.954	14.062
7.983	13.916
7.998	14.160
7.998	13.672
8.013	14.062
8.042	14.111
8.086	14.111
8.071	14.258
8.101	14.160
8.101	14.111
8.188	14.160
8.145	14.600
8.159	14.258
8.188	14.551
8.247	14.453
8.232	14.307
8.247	14.404
8.247	14.502
8.276	14.600
8.335	14.453
8.320	14.209
8.335	14.453
8.335	14.600
8.379	14.551
8.394	14.600
8.423	14.648
8.437	14.795
8.452	14.844
8.452	14.697
8.481	14.697
8.496	14.746
8.525	14.795
8.555	14.893
8.555	15.088
8.584	14.893
8.584	14.893
8.628	14.990
8.643	15.039
8.657	15.039
8.672	15.088
8.657	15.088
8.701	15.186
8.701	15.137
8.730	15.283
8.760	15.088
8.760	15.283
8.804	15.186
8.833	15.381
8.848	15.430
8.862	15.381
8.877	15.381
8.877	15.479
8.906	15.381
8.921	15.576
8.965	15.527
8.965	15.625
8.994	15.820
9.009	15.527
8.994	15.625
9.067	15.723
9.097	15.723
9.082	15.674
9.111	15.771
9.126	15.820
9.141	15.918
9.155	15.820
9.141	16.016
9.199	15.918
9.199	16.016
9.229	16.113
9.243	15.918
9.287	16.113
9.331	16.113
9.302	16.211
9.302	16.113
9.346	16.260
9.316	16.162
9.375	16.162
9.390	16.211
9.404	16.357
9.434	16.211
9.463	16.504
9.478	16.406
9.492	16.309
9.536	16.357
9.536	16.504
9.580	16.406
9.536	16.553
9.580	16.455
9.609	16.699
9.624	16.699
9.639	16.699
9.683	16.650
9.697	16.797
9.697	16.748
9.727	16.748
9.741	16.797
9.756	16.846
9.756	16.797
9.771	16.992
9.814	16.992
9.844	16.846
9.858	17.285
9.858	16.992
9.888	17.041
9.888	17.139
9.946	17.139
9.946	17.041
9.946	17.139
9.990	17.236
10.005	17.529
10.034	17.383
10.034	17.480
10.063	17.187
10.093	17.383
10.107	17.432
10.107	17.432
10.137	17.480
10.137	17.578
10.195	17.578
10.151	17.676
10.195	17.334
10.225	17.627
10.225	17.725
10.254	17.529
10.269	18.018
10.298	17.871
10.327	17.871
10.356	17.822
10.386	17.822
10.386	17.822
10.400	17.676
10.400	17.969
10.430	17.969
10.430	17.920
10.430	18.018
10.444	18.066
10.459	18.213
10.503	18.018
10.532	18.408
10.591	18.164
10.576	18.262
10.591	18.262
10.620	18.457
10.649	18.359
10.635	18.506
10.664	18.408
10.664	18.457
10.664	18.457
10.693	18.604
10.737	18.604
10.752	18.604
10.737	18.652
10.781	18.701
10.854	18.604
10.825	18.799
10.869	18.506
10.840	19.141
10.884	18.994
10.898	18.896
10.913	18.896
10.942	18.994
10.884	19.189
10.972	19.238
10.986	19.141
11.001	19.238
11.001	19.043
11.045	19.043
11.074	19.189
11.104	19.238
11.104	19.189
11.133	19.385
11.147	19.434
11.162	19.336
11.162	19.580
11.206	19.287
11.221	19.629
11.221	19.580
11.235	19.629
11.279	19.531
11.294	19.824
11.279	19.727
11.323	19.678
11.353	19.775
11.353	19.775
11.382	19.824
11.396	18.018
11.426	0.781
11.426	-0.635
11.470	0.000
11.484	0.000
11.499	-0.244
11.558	0.000
11.543	0.000
11.587	-0.146
11.572	-0.244
11.558	-0.146
11.602	-0.098
11.631	-0.049
11.675	-0.098
11.675	-0.146
11.675	-0.049
11.719	-0.195
11.733	-0.098
11.763	-0.488
11.777	0.049
11.763	-0.049
11.777	-0.049
11.836	-0.146
11.836	-0.049
11.865	-0.098
11.865	-0.244
11.909	0.000
11.924	-0.049
11.938	-0.098
11.938	-0.195
11.938	-0.098
11.938	-0.098
11.895	-0.146
11.938	-0.244
11.938	-0.098
11.953	-0.098
11.938	0.049
11.924	0.000
11.924	-0.195
11.953	-0.049
11.938	-0.244
11.924	-0.098
11.924	-0.098
11.924	-0.146
11.938	-0.098
11.938	-0.098
11.953	-0.049
11.924	-0.049
11.938	-0.146
11.924	-0.049
11.953	0.000
11.968	0.049
11.953	-0.146
11.938	-0.195
11.909	0.000
11.938	-0.244
11.938	0.000
11.938	0.000
11.938	-0.146
11.953	-0.195
11.924	-0.098
11.938	-0.049
11.938	-0.098
11.938	-0.146
11.953	-0.049
11.938	-0.049
11.938	-0.146
11.909	-0.146
11.968	-0.244
