0.044	0.439
0.044	0.244
0.044	0.391
0.044	0.391
0.044	0.342
0.044	0.293
0.044	0.391
0.044	0.342
0.073	0.244
0.088	0.391
0.073	0.391
0.088	0.391
0.088	0.342
0.132	0.342
0.132	0.586
0.161	0.439
0.161	0.391
0.161	0.439
0.176	0.293
0.190	0.488
0.220	0.391
0.249	0.732
0.249	0.488
0.249	0.537
0.264	0.684
0.308	0.684
0.308	0.684
0.278	0.732
0.308	0.635
0.322	0.830
0.337	0.928
0.337	0.781
0.366	0.879
0.396	1.025
0.454	0.830
0.439	1.025
0.469	0.781
0.410	1.025
0.439	0.977
0.483	0.977
0.469	0.879
0.483	0.732
0.513	1.123
0.542	1.123
0.557	1.074
0.542	0.830
0.571	1.123
0.601	1.172
0.645	1.318
0.615	1.318
0.630	1.514
0.659	1.416
0.659	1.270
0.688	1.416
0.703	1.416
0.703	1.465
0.718	1.611
0.776	1.562
0.747	1.416
0.762	1.709
0.762	1.611
0.820	1.514
0.820	1.758
0.835	1.807
0.835	1.855
0.864	1.709
0.879	2.002
0.864	1.953
0.908	2.002
0.894	2.100
0.937	1.953
0.937	2.051
0.952	2.051
0.967	2.100
0.996	2.051
1.011	2.100
0.996	2.295
1.040	2.344
1.055	2.295
1.055	2.441
1.084	2.441
1.099	2.637
1.113	2.637
1.128	2.637
1.143	2.637
1.157	2.832
1.216	2.686
1.172	2.832
1.201	3.076
1.216	2.979
1.230	2.979
1.260	3.076
1.245	3.223
1.304	3.027
1.289	3.174
1.318	3.320
1.304	3.271
1.348	3.369
1.348	3.271
1.377	3.467
1.377	3.271
1.406	3.418
1.450	3.467
1.436	3.564
1.465	3.955
1.479	3.613
1.465	3.760
1.509	3.564
1.523	3.662
1.538	3.857
1.538	3.857
1.553	3.906
1.582	4.004
1.597	4.004
1.582	4.053
1.626	4.150
1.611	4.199
1.641	4.199
1.641	4.346
1.685	4.297
1.685	4.102
1.714	4.346
1.729	4.492
1.743	4.541
1.743	4.199
1.772	4.639
1.772	4.687
1.787	4.443
1.802	4.687
1.846	4.639
1.846	4.834
1.846	4.883
1.919	4.834
1.919	4.932
1.919	5.176
1.919	5.029
1.963	4.932
1.963	5.029
1.948	5.225
1.992	5.127
1.992	5.225
2.021	5.176
2.036	5.273
2.051	5.322
2.051	5.273
2.036	5.371
2.095	5.615
2.139	5.615
2.109	5.469
2.153	5.566
2.183	5.713
2.212	5.566
2.168	5.615
2.197	5.811
2.241	5.713
2.212	5.713
2.241	5.957
2.271	5.811
2.271	6.055
2.314	6.201
2.314	6.006
2.373	6.006
2.344	6.104
2.344	6.104
2.373	6.055
2.373	6.006
2.402	6.152
2.417	6.299
2.402	6.104
2.432	6.250
2.446	6.494
2.446	6.152
2.476	6.396
2.490	6.543
2.520	6.494
2.534	6.396
2.549	6.445
2.549	6.592
2.578	6.641
2.578	6.641
2.593	6.592
2.607	6.396
2.651	6.836
2.651	6.836
2.666	6.689
2.666	6.836
2.695	6.836
2.725	7.031
2.710	7.031
2.739	7.129
2.769	7.324
2.783	7.178
2.798	7.031
2.827	7.080
2.871	7.178
2.827	7.129
2.856	7.275
2.856	7.471
2.886	7.275
2.886	7.275
2.930	7.324
2.944	7.373
2.959	7.471
2.944	7.568
3.018	7.520
3.003	7.568
3.003	7.666
3.032	7.568
3.047	7.715
3.047	7.666
3.062	7.666
3.076	7.715
3.105	7.812
3.120	7.861
3.120	7.861
3.193	7.910
3.135	8.008
3.164	7.959
3.193	7.910
3.193	7.666
3.193	8.057
3.237	8.154
3.281	8.057
3.281	8.105
3.281	8.203
3.340	8.154
3.354	7.959
3.354	8.203
3.354	8.252
3.354	8.252
3.369	8.447
3.369	8.252
3.354	8.398
3.398	8.398
3.457	8.350
3.486	8.496
3.486	8.594
3.516	8.350
3.501	8.643
3.560	8.643
3.560	8.691
3.530	8.691
3.574	8.643
3.574	8.643
3.574	8.691
3.604	8.838
3.633	8.838
3.677	8.936
3.677	8.789
3.691	8.691
3.721	8.838
3.706	8.838
3.735	8.984
3.750	8.887
3.750	8.887
3.750	8.936
3.794	9.033
3.853	8.984
3.838	9.180
3.853	8.984
3.853	9.082
3.896	9.131
3.896	9.131
3.926	8.984
3.940	9.131
3.955	9.229
3.970	9.082
3.955	9.180
3.984	9.131
3.999	9.375
4.014	9.375
4.014	9.424
4.058	9.375
4.087	9.277
4.087	9.570
4.102	9.326
4.116	9.277
4.146	9.473
4.160	9.473
4.160	9.473
4.160	9.570
4.160	9.521
4.189	9.570
4.219	9.619
4.219	9.668
4.263	9.570
4.263	9.473
4.263	9.668
4.292	9.619
4.307	9.570
4.321	9.717
4.336	9.717
4.365	9.766
4.336	9.570
4.409	9.766
4.395	9.668
4.395	9.961
4.424	9.863
4.468	9.863
4.482	9.912
4.497	9.912
4.541	9.814
4.512	9.863
4.526	9.961
4.541	9.961
4.556	9.961
4.541	9.863
4.570	9.961
4.585	10.059
4.614	10.156
4.644	10.156
4.644	10.010
4.673	10.059
4.673	10.059
4.687	9.961
4.717	10.059
4.717	10.254
4.731	10.156
4.761	10.107
4.805	10.303
4.849	10.254
4.849	10.254
4.819	10.352
4.834	10.205
4.834	10.400
4.878	10.547
4.893	10.205
4.893	10.254
4.922	10.449
4.966	10.254
4.951	10.303
4.951	10.449
4.966	10.547
4.980	10.547
5.024	10.449
5.010	10.547
5.039	10.596
5.068	10.498
5.083	10.693
5.068	10.645
5.098	10.840
5.127	10.498
5.142	10.791
5.156	10.742
5.171	10.791
5.156	10.693
5.215	10.742
5.215	10.742
5.244	10.889
5.215	10.889
5.259	10.840
5.288	10.791
5.303	10.742
5.303	10.889
5.347	10.693
5.347	10.840
5.391	10.937
5.405	10.937
5.391	10.937
5.405	11.035
5.420	11.035
5.435	11.182
5.449	10.986
5.479	11.035
5.479	11.133
5.508	11.084
5.537	10.986
5.552	11.182
5.566	11.084
5.566	11.133
5.581	11.133
5.581	11.133
5.610	11.182
5.640	11.133
5.654	11.279
5.684	11.182
5.698	11.328
5.684	11.279
5.713	10.889
5.728	11.182
5.757	11.377
5.786	11.377
5.801	11.377
5.815	11.426
5.801	11.426
5.830	11.475
5.859	11.475
5.859	11.475
5.874	11.133
5.889	11.475
5.918	11.523
5.903	11.621
5.947	11.475
5.933	11.621
5.977	11.426
5.991	11.475
5.991	11.768
6.021	11.621
6.050	11.572
6.079	11.719
6.079	11.670
6.094	11.670
6.108	11.719
6.123	11.572
6.138	11.816
6.167	11.963
6.182	11.865
6.196	11.865
6.211	11.914
6.255	11.768
6.226	11.768
6.255	11.768
6.270	12.012
6.284	12.061
6.313	12.012
6.328	12.012
6.328	12.012
6.357	12.109
6.387	12.012
6.387	12.158
6.357	12.012
6.431	12.158
6.445	12.061
6.460	12.158
6.475	12.305
6.475	12.207
6.533	12.158
6.533	12.158
6.533	12.256
6.577	12.256
6.592	12.109
6.606	12.646
6.680	12.305
6.650	12.354
6.665	12.305
6.665	12.305
6.665	12.354
6.680	12.402
6.724	12.500
6.738	12.256
6.768	12.695
6.768	12.402
6.826	12.500
6.797	12.549
6.797	12.598
6.855	12.549
6.855	12.695
6.870	12.939
6.885	12.695
6.870	12.549
6.899	12.646
6.943	12.695
6.929	12.695
6.973	12.793
7.017	12.793
7.002	12.793
7.061	12.891
7.046	12.793
7.061	12.842
7.075	12.939
7.104	12.988
7.119	12.939
7.148	13.037
7.148	12.988
7.163	13.086
7.236	13.037
7.222	12.988
7.236	13.037
7.236	13.086
7.251	13.086
7.280	12.988
7.295	13.232
7.310	13.232
7.310	13.232
7.368	13.086
7.368	13.184
7.339	13.330
7.427	13.086
7.383	13.477
7.412	13.330
7.441	13.379
7.471	13.379
7.471	13.232
7.500	13.525
7.500	13.525
7.529	13.525
7.559	13.623
7.573	13.477
7.603	13.623
7.617	13.672
7.603	13.867
7.690	13.721
7.661	13.818
7.661	13.623
7.690	13.623
7.720	13.770
7.734	13.818
7.749	13.867
7.764	14.062
7.793	13.916
7.808	13.916
7.837	13.965
7.837	14.209
7.837	14.014
7.881	13.965
7.910	13.965
7.910	13.916
7.910	14.160
7.939	14.160
7.939	14.062
7.998	14.307
8.027	14.307
8.013	14.209
8.042	14.209
8.057	14.111
8.086	14.160
8.086	14.209
8.130	14.453
8.115	14.453
8.145	14.404
8.159	14.404
8.188	14.258
8.203	14.307
8.218	14.502
8.232	14.404
8.232	14.551
8.247	14.697
8.291	14.551
8.306	14.551
8.306	14.502
8.350	14.600
8.379	14.648
8.394	14.648
8.394	14.746
8.408	14.746
8.437	14.648
8.452	14.795
8.467	14.893
8.496	14.795
8.511	14.893
8.525	14.844
8.569	14.941
8.569	14.941
8.599	15.039
8.613	15.088
8.628	15.088
8.672	15.039
8.643	14.941
8.643	15.332
8.672	15.283
8.745	15.332
8.745	15.381
8.745	15.332
8.774	15.283
8.804	15.576
8.774	15.381
8.804	15.186
8.833	15.381
8.906	15.576
8.921	15.576
8.906	15.430
8.906	15.625
8.906	15.625
8.950	15.576
8.965	15.674
8.979	15.625
9.009	15.479
9.038	15.771
9.097	15.723
9.067	15.625
9.097	15.723
9.097	15.869
9.111	16.162
9.141	15.918
9.155	15.820
9.199	16.064
9.214	16.016
9.214	15.967
9.229	15.967
9.287	16.113
9.272	16.162
9.302	16.113
9.316	16.260
9.316	16.406
9.316	16.113
9.360	16.260
9.360	16.309
9.404	16.260
9.375	16.357
9.419	16.455
9.434	16.553
9.463	16.504
9.507	16.553
9.507	16.504
9.551	16.602
9.536	16.455
9.639	16.699
9.595	16.650
9.624	16.699
9.624	16.797
9.639	16.943
9.668	16.797
9.697	16.992
9.697	16.895
9.697	17.139
9.741	16.797
9.771	16.895
9.771	17.139
9.756	16.943
9.829	17.139
9.829	17.236
9.844	17.041
9.873	17.236
9.858	17.139
9.902	16.992
9.917	17.187
9.961	17.334
9.946	17.432
9.976	17.285
9.976	17.187
10.034	17.432
10.020	17.578
10.063	17.334
10.078	17.383
10.093	17.529
10.107	17.578
10.137	17.627
10.166	17.480
10.225	17.822
10.195	17.627
10.195	17.578
10.210	17.822
10.283	17.822
10.254	17.822
10.254	18.018
10.298	18.018
10.298	17.969
10.327	17.920
10.327	18.164
10.400	18.066
10.430	18.018
10.400	18.066
10.415	17.969
10.444	18.066
10.488	18.213
10.474	18.115
10.518	18.506
10.518	18.311
10.532	18.359
10.547	18.408
10.562	18.604
10.620	18.213
10.605	18.750
10.620	18.555
10.635	18.652
10.664	18.652
10.708	18.701
10.679	18.750
10.708	18.799
10.723	18.799
10.752	18.750
10.752	18.848
10.781	18.848
10.811	18.799
10.825	18.994
10.854	18.848
10.840	18.896
10.884	18.799
10.898	19.336
10.913	19.141
10.913	19.141
10.957	19.189
10.957	19.385
11.001	19.238
11.001	19.385
11.060	19.336
11.045	19.287
11.089	19.580
11.060	19.775
11.104	19.482
11.147	19.678
11.162	19.629
11.147	19.629
11.177	19.678
11.206	19.482
11.221	19.824
11.221	19.775
11.265	19.336
11.294	19.678
11.309	19.678
11.294	19.922
11.353	19.971
11.353	19.971
11.353	20.068
11.396	20.166
11.411	20.166
11.426	20.117
11.440	20.166
11.484	20.264
11.484	20.264
11.514	20.361
11.514	20.215
11.543	20.459
11.528	20.361
11.572	20.312
11.587	20.557
11.616	20.508
11.631	20.459
11.646	20.557
11.689	20.605
11.675	20.703
11.675	20.654
11.748	20.752
11.719	20.801
11.777	20.752
11.777	20.557
11.807	20.850
11.792	20.947
11.836	20.850
11.865	21.045
11.865	21.143
11.895	21.143
11.909	21.191
11.953	21.045
11.953	21.094
11.982	21.289
11.997	21.094
12.012	21.289
12.041	21.387
12.085	21.387
12.056	21.484
12.100	21.436
12.129	21.436
12.129	21.289
12.158	21.631
12.187	21.729
12.129	21.729
12.217	21.680
12.217	21.729
12.246	21.777
12.246	21.973
12.290	21.680
12.319	21.973
12.290	21.924
12.319	21.973
12.363	22.070
12.393	22.168
12.407	22.070
12.378	22.217
12.451	22.217
12.480	22.266
12.480	22.168
12.495	22.363
12.539	22.266
12.524	22.607
12.554	22.656
12.612	22.559
12.598	22.656
12.612	22.559
12.656	22.656
12.671	22.559
12.671	22.705
12.715	22.656
12.700	22.998
12.700	22.754
12.744	22.949
12.773	22.900
12.788	22.852
12.817	22.998
12.817	23.145
12.847	23.096
12.861	23.096
12.847	23.389
12.935	23.242
12.949	23.340
12.979	23.340
12.964	23.437
12.935	23.437
13.008	23.389
13.052	23.584
13.022	23.584
13.037	23.584
13.096	23.584
13.125	23.730
13.110	23.828
13.198	23.828
13.184	23.730
13.184	23.828
13.213	23.975
13.213	23.926
13.242	24.023
13.301	24.121
13.286	24.219
13.301	23.975
13.315	24.219
13.345	24.268
13.374	24.463
13.403	24.365
13.418	24.268
13.433	24.316
13.433	24.463
13.477	24.561
13.506	24.805
13.491	24.707
13.506	24.707
13.535	24.414
13.564	24.805
13.564	24.805
13.608	24.805
13.638	24.805
13.652	24.951
13.652	24.902
13.667	25.098
13.726	25.049
13.711	25.293
13.726	25.391
13.813	25.293
13.799	2.393
13.784	-0.684
13.828	-0.049
13.872	0.049
13.872	0.098
13.872	0.049
13.901	-0.049
13.931	-0.146
13.945	0.098
13.989	0.049
13.989	0.000
14.004	0.000
14.033	0.146
14.033	0.000
14.077	-0.146
14.092	-0.049
14.136	0.049
14.121	-0.146
14.121	-0.049
14.180	0.000
14.180	0.000
14.224	0.000
14.238	-0.146
14.268	0.000
14.238	0.049
14.312	0.049
14.355	-0.146
14.341	0.000
14.341	-0.049
14.370	0.098
14.399	0.000
14.429	0.000
14.414	-0.146
14.458	-0.195
14.473	-0.049
14.487	0.000
14.517	0.049
14.531	0.098
14.561	0.000
14.561	-0.049
14.590	0.049
14.619	0.000
14.634	0.049
14.648	-0.195
14.648	0.146
14.692	0.000
14.722	-0.049
14.722	0.000
14.766	-0.098
14.780	-0.146
14.795	-0.342
14.824	-0.049
14.868	0.049
14.854	-0.195
14.854	0.049
14.839	-0.098
14.883	-0.098
14.883	-0.098
14.868	-0.146
14.883	0.000
14.883	-0.049
14.854	0.000
14.883	-0.049
14.839	0.098
14.883	0.000
14.883	0.098
14.897	0.049
14.839	-0.049
14.883	0.098
14.883	-0.098
14.854	-0.049
14.868	-0.049
14.883	0.000
14.868	-0.146
14.927	-0.049
14.883	-0.195
14.897	-0.098
14.854	0.049
14.912	-0.098
14.854	0.098
14.868	0.195
14.883	0.098
14.883	0.049
14.839	0.098
14.883	-0.195
14.897	-0.195
14.883	0.000
14.883	-0.049
14.897	0.098
14.883	-0.098
14.868	-0.049
14.868	0.000
14.883	0.049
14.883	-0.098
14.854	0.000
14.897	-0.049
14.883	0.000
14.868	-0.049
14.883	0.049
14.868	0.049
14.883	-0.049
14.868	0.049
14.883	0.000
14.868	-0.049
14.854	-0.049
14.883	0.098
14.883	-0.098
14.897	-0.195
14.883	-0.195
14.883	0.000
14.883	0.049
14.868	-0.098
14.883	-0.049
14.927	-0.195
14.883	-0.098
14.883	0.000
14.868	-0.098
14.868	-0.049
14.883	0.049
14.883	0.000
14.912	0.000
14.868	0.195
14.854	-0.049
14.868	0.049
14.897	-0.049
14.883	0.049
14.868	-0.098
14.897	-0.049
14.912	-0.342
14.854	0.049
14.883	0.000
14.868	-0.195
14.883	0.000
14.868	0.000
14.897	-0.098
14.868	-0.049
14.824	0.098
14.883	-0.049
14.883	-0.146
14.883	-0.146
14.883	0.146
14.868	-0.049
14.883	0.098
14.868	-0.146
14.868	0.000
14.883	-0.146
14.883	-0.146
14.854	-0.146
14.868	-0.098
14.883	-0.049
14.883	-0.098
14.868	-0.049
14.868	-0.049
14.868	0.098
14.883	0.000
14.854	-0.049
14.897	-0.049
14.883	0.000
14.883	-0.049
14.883	0.049
14.854	-0.146
14.883	0.049
14.883	-0.049
14.883	-0.098
14.868	0.146
14.868	-0.049
14.868	-0.049
14.883	0.098
14.883	0.049
14.868	-0.049
14.883	-0.146
14.854	0.000
14.912	-0.049
14.868	0.000
14.883	-0.098
14.883	-0.049
14.854	-0.098
14.883	-0.098
14.883	-0.098
14.883	-0.195
14.883	-0.049
14.897	0.049
14.854	-0.049
14.883	0.098
14.868	0.000
14.854	-0.146
14.883	-0.293
14.883	0.000
14.927	-0.098
14.854	0.049
14.868	-0.049
14.883	-0.098
14.839	-0.146
14.883	0.049
14.854	-0.146
14.868	0.098
14.854	0.293
14.868	-0.098
14.854	-0.098
14.868	0.000
14.897	-0.049
14.883	-0.098
14.868	-0.098
14.883	0.049
14.868	-0.146
14.839	-0.049
14.868	-0.049
14.868	-0.195
14.883	0.000
14.883	-0.195
14.868	-0.098
14.868	0.000
14.868	0.000
14.883	0.000
14.868	-0.049
14.868	0.000
14.883	-0.195
14.883	-0.098
14.868	-0.146
14.868	-0.098
14.883	-0.098
14.883	-0.146
14.868	-0.098
14.868	0.000
14.897	0.098
14.824	0.000
14.883	0.098
14.868	-0.098
