0.044	0.146
0.015	0.195
0.059	0.195
0.044	0.146
0.044	0.146
0.044	0.195
0.073	0.195
0.088	0.195
0.103	0.146
0.117	0.000
0.117	0.098
0.132	0.049
0.161	0.098
0.176	0.146
0.205	0.146
0.190	0.146
0.190	0.049
0.205	0.000
0.234	0.342
0.205	0.342
0.234	0.146
0.278	0.195
0.264	0.195
0.293	0.000
0.308	0.146
0.322	0.342
0.337	0.195
0.352	0.098
0.366	0.098
0.352	0.244
0.396	0.342
0.396	0.293
0.410	0.146
0.425	0.146
0.425	0.098
0.439	0.293
0.454	0.195
0.454	0.146
0.469	0.342
0.483	0.195
0.498	0.342
0.527	0.098
0.542	0.146
0.542	0.195
0.571	0.146
0.571	0.293
0.571	0.098
0.645	0.293
0.615	0.195
0.645	0.049
0.645	0.195
0.645	0.195
0.659	0.195
0.674	0.342
0.688	0.049
0.688	0.049
0.718	0.146
0.718	0.195
0.703	0.195
0.762	0.244
0.776	0.342
0.791	0.244
0.806	0.439
0.835	0.342
0.835	0.293
0.864	0.293
0.835	0.342
0.923	0.293
0.894	0.195
0.908	0.293
0.967	0.293
0.937	0.293
0.937	0.391
0.981	0.293
0.996	0.293
0.967	0.049
1.025	0.244
1.011	0.244
1.040	0.391
1.040	0.439
1.069	0.293
1.084	0.195
1.069	0.293
1.084	0.391
1.099	0.391
1.128	0.439
1.187	0.342
1.143	0.391
1.157	0.488
1.187	0.293
1.201	0.342
1.201	0.098
1.230	0.391
1.245	0.391
1.274	0.342
1.274	0.342
1.260	0.391
1.289	0.244
1.304	0.391
1.333	0.488
1.333	0.439
1.318	0.439
1.377	0.439
1.377	0.586
1.377	0.586
1.392	0.488
1.436	0.635
1.465	0.586
1.465	0.098
1.494	0.488
1.509	0.537
1.523	0.439
1.523	0.391
1.538	0.684
1.553	0.439
1.582	0.488
1.597	0.537
1.597	0.635
1.641	0.488
1.655	0.781
1.641	0.732
1.714	0.391
1.699	0.586
1.714	1.025
1.743	0.684
1.714	0.830
1.787	0.732
1.758	0.684
1.758	1.025
1.816	0.830
1.802	0.537
1.846	0.830
1.846	0.928
1.875	1.025
1.860	0.879
1.890	0.977
1.919	1.025
1.963	1.025
1.948	0.977
1.948	1.221
1.963	1.074
1.992	1.172
1.992	1.221
1.978	1.123
2.051	1.367
2.080	1.416
2.080	1.416
2.109	1.318
2.095	1.416
2.139	1.562
2.197	1.318
2.153	1.562
2.168	1.660
2.227	1.807
2.241	1.758
2.241	1.855
2.271	1.953
2.285	1.953
2.314	2.051
2.285	1.953
2.300	2.100
2.373	2.100
2.344	2.197
2.373	2.393
2.373	2.100
2.388	2.441
2.417	2.393
2.432	2.490
2.446	2.539
2.476	2.734
2.476	2.686
2.490	2.979
2.520	2.881
2.534	2.979
2.549	2.979
2.563	2.979
2.563	3.125
2.593	3.174
2.593	3.174
2.607	3.223
2.637	3.320
2.651	3.418
2.681	3.564
2.681	3.760
2.681	3.564
2.695	3.711
2.739	3.857
2.739	3.760
2.754	3.857
2.769	3.809
2.783	4.053
2.769	4.053
2.812	4.150
2.812	4.150
2.871	4.150
2.871	4.102
2.900	4.248
2.900	4.297
2.915	4.590
2.959	4.443
2.959	4.639
2.915	4.639
2.959	4.687
2.988	4.590
2.988	5.029
3.018	4.932
3.032	5.078
3.047	4.980
3.076	5.176
3.076	5.225
3.076	5.029
3.120	5.273
3.105	5.322
3.149	5.469
3.164	5.469
3.179	5.469
3.193	5.566
3.208	5.664
3.223	5.713
3.237	5.908
3.252	5.957
3.281	5.908
3.296	6.055
3.311	6.055
3.354	6.396
3.325	6.201
3.384	6.250
3.354	6.250
3.398	6.299
3.398	6.494
3.398	6.348
3.413	6.543
3.501	6.738
3.501	6.836
3.516	6.787
3.516	6.885
3.545	6.934
3.545	6.836
3.560	6.836
3.574	7.178
3.604	7.178
3.647	7.227
3.633	7.373
3.647	7.324
3.677	7.275
3.691	7.471
3.735	7.520
3.677	7.666
3.735	7.617
3.750	7.617
3.779	7.715
3.779	7.764
3.809	7.764
3.838	8.008
3.838	7.812
3.838	8.252
3.926	8.008
3.911	8.154
3.911	8.203
3.940	8.301
3.926	8.301
3.940	8.691
3.955	8.154
3.984	8.447
3.999	8.447
4.014	8.496
4.014	8.594
4.043	8.691
4.072	8.691
4.058	8.838
4.072	8.887
4.087	9.033
4.116	8.936
4.131	8.936
4.175	9.033
4.175	9.082
4.189	9.180
4.189	8.936
4.233	9.180
4.204	9.277
4.233	9.277
4.233	9.424
4.263	9.229
4.292	9.424
4.307	9.521
4.321	9.619
4.321	9.570
4.321	9.619
4.365	9.619
4.380	9.668
4.351	9.570
4.409	9.668
4.409	9.766
4.438	9.863
4.453	9.961
4.438	9.912
4.453	10.059
4.482	10.059
4.512	9.912
4.526	10.205
4.526	10.107
4.556	10.254
4.570	10.303
4.570	10.352
4.600	10.449
4.644	10.449
4.614	10.693
4.644	10.498
4.644	10.400
4.687	10.596
4.702	10.596
4.717	10.596
4.717	10.596
4.761	10.645
4.746	10.742
4.790	10.742
4.775	10.791
4.805	10.693
4.834	10.889
4.805	10.889
4.849	10.937
4.878	10.986
4.907	11.084
4.893	10.889
4.893	11.182
4.937	11.084
4.951	11.133
4.951	11.377
4.995	11.133
4.995	11.572
4.995	11.426
5.024	11.621
5.054	11.328
5.054	11.377
5.083	11.475
5.112	11.523
5.112	11.621
5.112	11.523
5.142	11.475
5.127	11.621
5.171	11.719
5.171	11.670
5.215	11.719
5.200	11.914
5.200	11.768
5.259	11.865
5.273	11.914
5.273	11.865
5.303	11.963
5.303	11.963
5.317	11.914
5.376	12.061
5.347	12.061
5.361	12.061
5.405	12.158
5.405	11.963
5.420	12.207
5.435	12.354
5.449	12.158
5.464	12.305
5.464	12.256
5.493	12.402
5.508	12.354
5.537	12.500
5.596	12.500
5.566	12.256
5.596	12.500
5.610	12.598
5.654	12.451
5.581	12.646
5.640	12.695
5.684	12.842
5.698	12.793
5.698	12.549
5.713	12.744
5.742	12.744
5.742	12.793
5.757	12.842
5.786	12.891
5.771	12.842
5.830	12.842
5.830	12.988
5.830	12.988
5.859	13.037
5.874	13.232
5.874	13.232
5.918	13.135
5.918	13.184
5.947	13.135
5.962	13.330
5.991	13.232
5.991	13.037
6.006	13.379
6.035	13.281
6.050	13.525
6.064	13.232
6.094	13.379
6.094	13.428
6.138	13.477
6.152	13.232
6.138	13.623
6.152	13.623
6.152	13.623
6.182	13.623
6.211	13.867
6.255	13.770
6.211	13.770
6.240	13.672
6.270	13.867
6.313	13.867
6.313	13.477
6.328	14.062
6.357	14.160
6.343	14.014
6.387	14.111
6.387	13.965
6.401	14.062
6.401	13.916
6.431	14.111
6.475	14.062
6.460	14.111
6.489	14.160
6.489	14.258
6.489	14.355
6.533	14.355
6.577	14.209
6.592	14.453
6.592	14.502
6.606	14.355
6.636	14.600
6.650	14.404
6.709	14.404
6.665	14.600
6.665	14.502
6.694	14.746
6.724	14.600
6.753	14.893
6.768	14.746
6.782	14.795
6.812	14.844
6.826	14.648
6.826	14.795
6.841	14.746
6.870	14.844
6.855	14.893
6.885	15.137
6.943	14.941
6.943	14.990
7.002	14.844
6.987	14.990
6.987	15.137
7.017	15.039
7.017	15.039
7.061	15.283
7.046	15.088
7.090	15.137
7.104	15.186
7.119	15.332
7.134	15.381
7.134	15.283
7.178	15.430
7.178	15.283
7.192	15.332
7.266	15.332
7.251	15.625
7.251	15.430
7.310	15.234
7.280	15.771
7.310	15.625
7.383	15.430
7.354	15.527
7.339	15.723
7.427	15.771
7.397	15.430
7.397	12.939
7.427	0.830
7.427	-0.439
7.456	0.098
7.485	0.049
7.485	0.049
7.515	0.244
7.544	0.049
7.559	0.098
7.573	0.195
7.617	0.098
7.603	0.098
7.603	0.146
7.632	0.146
7.661	0.049
7.646	0.293
7.676	0.195
7.661	0.195
7.690	-0.146
7.749	-0.098
7.764	0.000
7.764	0.146
7.749	-0.049
7.808	0.049
7.822	0.146
7.881	0.098
7.852	0.000
7.896	-0.049
7.896	0.000
7.910	-0.049
7.896	-0.049
7.939	0.049
7.983	0.195
8.013	0.049
8.027	-0.049
8.071	0.049
8.042	-0.049
8.071	0.098
8.057	-0.049
8.101	0.146
8.115	-0.098
8.130	0.098
8.145	0.049
8.174	0.146
8.203	0.146
8.203	0.195
8.218	0.049
8.232	0.146
8.247	0.098
8.276	0.098
8.291	0.049
8.306	0.146
8.335	0.000
8.350	0.049
8.350	-0.146
8.379	-0.049
8.394	0.098
8.394	0.146
8.423	0.098
8.452	-0.098
8.481	0.195
8.496	0.000
8.496	-0.244
8.496	0.244
8.540	0.098
8.555	0.049
8.569	0.000
8.628	0.049
8.628	0.146
8.628	0.244
8.643	0.244
8.657	0.049
8.701	0.000
8.701	0.000
8.716	0.146
8.730	-0.049
8.745	0.000
8.760	0.049
8.789	0.049
8.804	0.146
8.833	0.098
8.848	0.146
8.862	0.146
8.906	0.000
8.906	0.098
8.906	-0.146
8.921	0.049
8.950	0.098
8.936	0.098
8.950	0.049
9.009	0.244
9.023	0.049
9.053	0.146
9.082	-0.098
9.082	0.000
9.111	-0.049
9.097	0.293
9.170	-0.049
9.141	0.049
9.185	0.146
9.214	0.146
9.199	-0.098
9.214	0.146
9.243	0.146
9.272	0.195
9.258	0.244
9.258	0.000
9.258	0.146
9.272	0.146
9.258	0.195
9.229	0.049
9.243	0.000
9.229	0.098
9.272	0.098
9.272	0.146
9.258	0.049
9.258	0.146
9.243	0.098
9.258	0.049
9.258	0.146
9.243	0.098
9.272	0.146
9.258	-0.244
9.258	0.098
9.272	0.146
9.258	0.195
9.258	0.293
9.243	0.195
9.258	0.391
9.272	0.049
9.258	0.146
9.272	0.098
9.243	0.146
9.229	0.146
9.258	0.000
9.243	-0.049
9.229	0.000
9.229	0.049
9.258	0.000
9.243	-0.293
9.243	-0.195
9.243	0.049
9.243	0.049
