0.029	0.293
0.015	0.146
0.029	0.000
0.029	0.391
0.015	0.342
0.044	0.342
0.044	0.488
0.059	0.293
0.073	0.342
0.073	0.244
0.088	0.488
0.117	0.342
0.117	0.342
0.132	0.293
0.132	0.391
0.146	0.293
0.176	0.244
0.176	0.342
0.190	0.391
0.190	0.488
0.220	0.537
0.220	0.391
0.264	0.537
0.264	0.488
0.308	0.684
0.308	0.537
0.322	0.342
0.337	0.635
0.352	0.586
0.366	0.684
0.366	0.586
0.381	0.488
0.396	0.488
0.410	0.684
0.425	0.684
0.498	0.635
0.439	0.684
0.469	0.635
0.469	0.732
0.483	0.684
0.483	0.732
0.557	0.635
0.542	0.781
0.557	0.586
0.557	0.781
0.615	0.879
0.645	0.879
0.615	0.928
0.630	1.025
0.645	0.977
0.674	0.879
0.674	1.074
0.688	1.221
0.718	1.172
0.732	1.172
0.718	1.318
0.732	1.025
0.747	1.172
0.776	1.221
0.806	1.172
0.791	1.221
0.835	1.318
0.835	1.172
0.850	1.416
0.879	1.709
0.879	1.367
0.894	1.465
0.923	1.367
0.937	1.562
0.952	1.611
0.967	1.660
0.981	1.660
0.996	1.709
0.981	1.904
0.981	1.904
1.055	1.709
1.040	1.709
1.069	1.807
1.069	1.904
1.099	1.953
1.113	1.807
1.128	2.100
1.128	2.197
1.172	2.002
1.157	2.246
1.172	2.148
1.187	2.002
1.216	2.246
1.187	2.393
1.230	2.197
1.260	2.490
1.274	2.490
1.274	2.686
1.318	2.588
1.318	2.539
1.333	2.441
1.348	2.588
1.348	2.637
1.392	2.783
1.392	2.832
1.406	2.832
1.450	3.076
1.436	2.832
1.450	3.125
1.465	3.125
1.479	3.223
1.494	3.320
1.509	3.271
1.523	3.223
1.553	3.369
1.567	3.320
1.597	3.467
1.597	3.662
1.611	3.271
1.626	3.467
1.641	3.711
1.655	3.760
1.685	3.906
1.729	3.760
1.714	3.760
1.714	3.857
1.743	3.711
1.743	4.004
1.772	3.906
1.787	4.004
1.816	4.150
1.802	3.955
1.831	4.248
1.816	4.297
1.860	4.199
1.890	4.541
1.860	4.541
1.904	4.492
1.919	4.541
1.934	4.736
1.948	4.639
1.978	4.785
2.036	4.736
1.992	4.883
2.021	4.980
2.036	4.932
2.051	5.029
2.051	5.176
2.109	5.127
2.080	5.176
2.109	5.029
2.109	5.371
2.109	5.176
2.139	5.371
2.139	5.420
2.168	5.322
2.183	5.518
2.227	5.762
2.212	5.566
2.241	5.615
2.256	5.762
2.285	5.762
2.271	5.859
2.314	5.957
2.329	6.006
2.373	5.957
2.344	5.908
2.358	6.104
2.388	6.250
2.402	6.055
2.417	6.250
2.417	6.348
2.446	6.348
2.432	6.494
2.476	6.348
2.476	6.445
2.490	6.445
2.520	6.445
2.534	6.494
2.534	6.641
2.563	6.836
2.563	6.836
2.578	6.934
2.593	6.934
2.607	6.836
2.637	6.836
2.666	6.885
2.710	7.080
2.681	7.031
2.710	7.080
2.725	7.031
2.725	7.422
2.739	7.373
2.754	7.471
2.769	7.471
2.812	7.324
2.769	7.471
2.812	7.471
2.856	7.520
2.871	7.764
2.886	7.324
2.886	7.715
2.900	7.910
2.930	7.812
2.915	7.910
2.944	8.008
2.959	7.959
2.988	8.008
3.032	8.252
3.018	8.301
3.018	8.154
3.062	8.301
3.062	8.105
3.091	8.252
3.091	8.252
3.076	8.398
3.105	8.447
3.149	8.545
3.135	8.496
3.179	8.594
3.179	8.691
3.193	8.594
3.208	8.691
3.223	8.740
3.237	8.838
3.267	8.789
3.296	9.033
3.311	9.180
3.311	8.984
3.311	9.180
3.340	9.131
3.354	9.131
3.354	9.082
3.398	9.082
3.398	9.326
3.413	9.277
3.428	9.424
3.428	9.277
3.472	9.570
3.486	9.424
3.501	9.570
3.516	9.619
3.530	9.668
3.545	9.570
3.574	9.766
3.574	9.570
3.604	9.863
3.618	9.814
3.633	9.912
3.618	9.912
3.647	10.059
3.735	9.961
3.691	10.010
3.706	10.010
3.721	10.107
3.735	10.059
3.779	10.156
3.765	10.498
3.750	10.352
3.838	10.352
3.838	10.596
3.853	10.400
3.867	10.352
3.882	10.596
3.882	10.596
3.911	10.596
3.911	10.547
3.940	10.449
3.955	10.352
3.970	10.889
3.984	10.791
4.014	10.742
4.028	10.791
4.028	10.889
4.043	10.986
4.058	10.889
4.087	10.937
4.072	10.937
4.116	11.035
4.131	11.084
4.146	11.230
4.160	11.182
4.189	11.230
4.233	11.230
4.219	11.182
4.219	11.377
4.248	11.426
4.248	11.230
4.263	11.279
4.292	11.426
4.292	11.377
4.307	11.426
4.351	11.475
4.336	11.719
4.336	11.523
4.365	11.670
4.380	11.768
4.395	11.670
4.409	11.670
4.438	11.914
4.438	11.816
4.453	11.816
4.468	11.914
4.453	11.816
4.497	11.963
4.512	11.865
4.541	12.061
4.556	11.914
4.585	11.963
4.585	12.207
4.600	12.109
4.600	12.109
4.629	12.061
4.644	12.207
4.658	12.256
4.673	12.305
4.687	12.207
4.717	12.109
4.702	12.207
4.746	12.305
4.717	12.256
4.775	12.402
4.805	12.354
4.849	12.451
4.805	12.402
4.849	12.500
4.834	12.451
4.863	12.695
4.849	12.549
4.893	12.451
4.922	12.646
4.922	12.598
4.937	12.695
4.937	12.598
4.980	12.744
5.010	12.793
5.010	12.891
5.024	12.744
5.039	12.842
5.068	12.744
5.068	12.695
5.083	13.037
5.098	12.988
5.127	13.086
5.156	12.891
5.156	13.135
5.171	13.330
5.215	12.988
5.200	13.135
5.229	13.135
5.259	13.086
5.273	13.184
5.273	13.086
5.288	13.184
5.303	13.232
5.317	13.330
5.332	13.379
5.347	13.379
5.391	13.330
5.391	13.428
5.405	13.428
5.420	13.477
5.479	13.477
5.464	13.477
5.449	13.232
5.479	13.477
5.479	13.672
5.522	13.428
5.552	13.379
5.566	13.623
5.566	13.672
5.581	13.770
5.581	13.574
5.596	13.672
5.625	13.379
5.640	13.867
5.654	13.672
5.684	13.721
5.684	13.721
5.713	13.818
5.728	13.672
5.757	13.916
5.757	14.014
5.771	13.965
5.786	13.867
5.830	13.916
5.815	13.965
5.845	14.111
5.859	13.965
5.889	13.965
5.889	13.867
5.903	13.867
5.933	14.062
5.947	14.062
5.962	13.916
5.977	14.111
5.977	14.160
5.991	14.160
6.035	14.209
6.021	14.111
6.064	14.307
6.123	14.160
6.108	14.209
6.123	14.111
6.123	14.453
6.152	14.160
6.167	14.453
6.167	14.209
6.167	14.453
6.226	14.355
6.226	14.355
6.240	14.502
6.240	14.404
6.270	14.453
6.284	14.600
6.357	14.307
6.328	14.453
6.328	14.551
6.357	14.355
6.387	14.502
6.387	14.502
6.401	14.697
6.416	14.746
6.445	14.795
6.460	14.697
6.489	14.697
6.504	14.551
6.533	14.893
6.548	14.795
6.533	14.795
6.533	14.795
6.577	14.795
6.592	14.893
6.606	14.990
6.621	14.941
6.650	14.844
6.709	14.941
6.680	14.893
6.694	14.941
6.709	14.893
6.738	14.844
6.724	14.941
6.768	14.746
6.768	14.990
6.797	14.990
6.826	14.941
6.826	15.039
6.870	15.137
6.870	15.039
6.885	14.941
6.899	15.088
6.929	15.186
6.943	15.088
6.958	15.137
6.987	15.332
7.002	15.283
7.017	15.332
7.031	15.088
7.031	15.283
7.061	15.137
7.075	15.234
7.090	15.430
7.104	15.430
7.134	15.137
7.148	15.186
7.163	15.479
7.192	15.430
7.178	15.332
7.236	15.332
7.236	15.332
7.251	15.381
7.251	15.527
7.266	15.479
7.295	15.576
7.324	15.234
7.310	15.430
7.354	15.674
7.354	15.430
7.383	15.674
7.412	15.771
7.441	15.869
7.441	15.820
7.456	15.723
7.471	15.967
7.515	15.967
7.515	15.625
7.515	15.527
7.588	15.723
7.573	15.723
7.588	15.771
7.617	15.918
7.617	15.918
7.617	15.967
7.676	15.967
7.676	15.967
7.676	16.064
7.690	15.918
7.734	15.967
7.749	16.016
7.764	15.967
7.778	15.918
7.764	16.016
7.837	16.064
7.837	16.113
7.866	16.016
7.866	15.918
7.896	16.357
7.896	16.064
7.910	16.162
7.939	16.260
7.954	16.211
7.969	16.260
7.969	16.211
8.013	16.260
8.027	16.211
8.042	16.504
8.057	16.211
8.086	16.309
8.101	16.357
8.130	16.260
8.130	16.406
8.145	16.504
8.174	16.602
8.159	16.553
8.203	16.260
8.218	16.504
8.247	16.650
8.262	16.602
8.276	16.455
8.276	16.602
8.306	16.455
8.350	16.602
8.335	16.406
8.364	16.699
8.379	16.748
8.394	16.602
8.437	16.846
8.423	16.748
8.408	16.748
8.452	16.699
8.540	16.699
8.511	16.846
8.511	16.846
8.540	16.748
8.569	16.943
8.569	16.846
8.599	17.041
8.599	16.846
8.628	16.846
8.643	17.090
8.643	17.041
8.687	16.992
8.716	16.943
8.730	17.090
8.745	16.846
8.760	17.139
8.774	16.895
8.818	17.090
8.818	17.041
8.848	17.187
8.848	17.236
8.877	17.285
8.892	17.480
8.877	17.285
8.921	17.236
8.936	17.383
9.009	17.236
8.979	17.187
9.009	17.334
9.023	17.383
9.038	17.578
9.067	17.334
9.082	17.383
9.111	17.236
9.097	17.432
9.126	17.578
9.170	17.578
9.126	17.627
9.185	17.578
9.185	17.627
9.229	17.432
9.258	17.578
9.258	17.529
9.258	17.773
9.302	17.627
9.316	17.725
9.316	17.773
9.346	17.676
9.360	17.773
9.390	17.822
9.404	17.773
9.434	17.871
9.448	17.725
9.463	17.920
9.478	17.920
9.492	17.871
9.507	17.969
9.536	17.969
9.551	17.969
9.580	18.018
9.580	18.018
9.639	18.115
9.653	18.164
9.653	18.164
9.668	18.311
9.697	18.311
9.712	18.213
9.727	18.213
9.727	18.262
9.741	18.359
9.756	18.408
9.756	18.408
9.814	18.408
9.829	18.262
9.858	18.311
9.873	18.408
9.902	18.359
9.917	18.262
9.932	18.311
9.932	18.408
9.976	18.604
9.990	18.555
9.990	18.652
10.005	18.750
10.049	18.701
10.063	18.750
10.093	18.848
10.122	18.701
10.137	18.848
10.137	18.750
10.151	18.701
10.181	18.896
10.210	18.799
10.210	18.896
10.225	18.994
10.239	18.994
10.269	18.945
10.283	19.043
10.298	19.141
10.327	19.238
10.356	19.287
10.356	19.238
10.371	19.141
10.386	19.189
10.386	19.336
10.430	19.336
10.400	19.238
10.444	19.336
10.488	19.531
10.503	19.385
10.503	19.434
10.547	19.434
10.547	19.434
10.576	19.238
10.591	19.482
10.620	19.775
10.635	19.678
10.664	19.385
10.679	19.629
10.693	19.727
10.708	19.629
10.752	19.531
10.737	19.775
10.767	19.678
10.781	19.580
10.811	19.727
10.796	19.824
10.840	19.824
10.869	19.824
10.869	19.775
10.869	19.922
10.898	19.922
10.972	19.775
10.928	19.922
10.957	4.053
10.972	-0.684
10.986	0.098
11.001	0.146
11.045	0.098
11.074	0.000
11.074	0.098
11.104	0.146
11.118	-0.049
11.118	0.049
11.162	0.098
11.206	-0.098
11.191	0.098
11.191	0.049
11.235	-0.049
11.235	0.244
11.265	0.195
11.279	0.000
11.309	-0.098
11.309	0.000
11.353	0.098
11.367	-0.098
11.367	0.000
11.411	0.342
11.426	0.098
11.426	0.146
11.455	0.049
11.470	0.098
11.499	0.098
11.499	-0.146
11.484	0.098
11.528	0.000
11.572	-0.098
11.587	0.146
11.602	-0.049
11.646	0.146
11.646	0.049
11.631	0.049
11.689	0.244
11.689	-0.049
11.719	-0.146
11.733	0.049
11.763	-0.049
11.777	0.146
11.777	0.098
11.821	-0.146
11.821	0.049
11.851	-0.195
11.865	0.000
11.880	0.000
11.909	0.195
11.924	0.098
11.968	-0.098
11.968	0.146
11.968	-0.098
11.968	0.098
12.012	-0.049
12.026	-0.146
12.100	0.049
12.085	0.049
12.085	0.000
12.114	-0.098
12.144	-0.098
12.173	0.049
12.173	0.049
12.217	0.000
12.202	0.195
12.231	0.098
12.261	-0.195
12.275	0.098
12.275	0.146
12.305	0.049
12.334	0.098
12.349	0.000
12.378	0.146
12.422	0.146
12.437	0.049
12.437	0.049
12.451	-0.049
12.451	0.244
12.495	0.049
12.510	0.049
12.524	0.049
12.539	0.000
12.554	0.000
12.583	0.195
12.612	0.146
12.612	0.146
12.642	0.049
12.656	0.049
12.715	-0.488
12.700	-0.049
12.715	0.098
12.715	0.049
12.700	0.098
12.686	0.146
12.729	0.146
12.700	0.049
12.686	0.098
12.671	-0.098
12.729	0.195
12.700	0.049
12.686	-0.049
12.700	0.049
12.700	-0.098
12.686	0.049
12.700	-0.098
12.700	0.146
12.686	0.098
12.700	0.049
12.700	-0.098
12.729	-0.049
12.700	0.000
12.686	0.244
12.700	0.098
12.700	0.049
12.715	0.146
12.686	0.049
12.700	0.146
12.700	0.000
12.686	0.049
12.715	0.000
12.671	0.098
12.700	0.098
12.671	0.049
12.700	0.049
12.686	-0.098
12.700	0.098
12.700	0.000
12.700	0.000
12.700	0.098
12.700	0.049
12.715	0.146
12.686	-0.049
12.700	-0.146
12.686	0.049
12.700	0.000
12.700	0.146
12.700	0.195
12.700	0.098
12.656	0.000
12.700	0.146
12.715	0.049
12.700	0.000
12.715	0.049
12.715	0.000
12.700	0.049
12.686	0.195
12.700	0.000
