0.029	0.244
0.015	0.146
0.029	0.098
0.044	0.146
0.044	0.293
0.073	0.146
0.088	0.098
0.103	0.244
0.117	-0.049
0.117	0.146
0.132	0.342
0.132	0.195
0.161	0.293
0.161	0.293
0.190	0.146
0.176	0.195
0.190	0.439
0.234	0.195
0.234	0.293
0.234	0.439
0.249	0.293
0.278	0.342
0.278	0.391
0.293	0.391
0.337	0.342
0.322	0.488
0.337	0.342
0.322	0.391
0.352	0.342
0.352	0.293
0.396	0.488
0.381	0.293
0.425	0.244
0.454	0.586
0.454	0.293
0.469	0.342
0.469	0.439
0.483	0.537
0.483	0.488
0.498	0.391
0.527	0.488
0.542	0.391
0.557	0.586
0.557	0.586
0.571	0.635
0.542	0.488
0.630	0.684
0.586	0.635
0.615	0.537
0.630	0.635
0.645	0.635
0.703	0.586
0.688	0.830
0.718	0.879
0.718	0.928
0.747	0.928
0.732	0.879
0.747	0.879
0.776	0.830
0.806	0.879
0.806	0.928
0.791	0.781
0.820	0.977
0.864	0.928
0.850	1.074
0.835	0.977
0.894	1.074
0.894	1.172
0.908	1.172
0.923	1.074
0.952	1.172
0.967	1.221
0.967	1.318
1.011	1.416
1.040	1.270
1.011	1.172
1.055	1.318
1.084	1.318
1.084	1.318
1.128	1.367
1.128	1.465
1.113	1.270
1.143	1.416
1.157	1.465
1.172	1.270
1.187	1.318
1.216	1.562
1.260	1.660
1.260	1.709
1.245	2.051
1.289	1.709
1.304	1.953
1.304	2.002
1.333	2.148
1.377	1.855
1.333	2.246
1.392	2.148
1.392	2.344
1.406	2.441
1.450	2.344
1.479	2.441
1.479	2.246
1.479	2.441
1.479	2.393
1.523	2.490
1.553	2.490
1.611	2.588
1.567	2.588
1.597	2.783
1.582	2.734
1.611	2.734
1.641	2.686
1.655	2.539
1.655	2.734
1.685	2.734
1.685	2.930
1.699	2.783
1.743	2.881
1.758	2.734
1.772	2.979
1.772	2.979
1.802	3.027
1.802	3.320
1.860	3.076
1.831	3.125
1.904	3.369
1.890	3.223
1.919	3.369
1.904	3.516
1.963	3.613
1.963	3.516
1.978	3.320
2.007	3.662
2.007	3.662
2.007	3.613
2.036	3.809
2.051	3.809
2.065	3.809
2.065	3.857
2.095	3.857
2.095	3.955
2.095	3.955
2.124	3.906
2.139	4.004
2.183	4.053
2.212	4.150
2.183	4.199
2.241	4.102
2.227	4.248
2.256	4.395
2.241	4.297
2.285	4.248
2.271	4.492
2.300	4.248
2.314	4.443
2.373	4.346
2.358	4.590
2.373	4.736
2.373	4.541
2.402	4.736
2.402	4.492
2.432	4.687
2.446	4.736
2.446	4.883
2.476	4.395
2.505	4.492
2.461	4.395
2.505	4.541
2.505	4.541
2.534	4.004
2.549	4.590
2.607	4.541
2.578	4.687
2.593	4.639
2.622	4.834
2.622	4.736
2.637	4.834
2.651	4.834
2.681	4.785
2.695	4.980
2.681	5.029
2.725	4.883
2.725	5.078
2.769	5.029
2.769	5.078
2.783	5.176
2.783	5.225
2.842	5.078
2.827	5.273
2.827	5.273
2.871	5.371
2.871	5.469
2.886	5.420
2.915	5.273
2.915	5.518
2.930	5.566
2.944	5.420
2.959	5.664
2.974	5.566
2.988	5.664
3.003	5.566
3.047	5.811
3.062	5.664
3.076	5.811
3.076	5.859
3.105	5.762
3.105	5.762
3.149	5.811
3.135	6.006
3.135	5.957
3.135	5.957
3.193	6.396
3.208	6.006
3.223	6.201
3.252	6.152
3.252	6.250
3.267	6.152
3.281	6.543
3.296	6.348
3.325	6.396
3.340	6.348
3.354	6.543
3.369	6.445
3.384	6.445
3.384	6.396
3.413	6.445
3.428	6.689
3.442	6.543
3.472	6.641
3.486	6.543
3.486	6.738
3.457	6.738
3.530	6.934
3.560	6.787
3.560	6.836
3.574	6.445
3.604	6.641
3.618	6.836
3.618	6.836
3.633	6.885
3.633	6.934
3.677	7.080
3.706	7.080
3.691	7.227
3.706	6.982
3.721	7.080
3.779	7.129
3.779	7.324
3.779	7.227
3.809	7.422
3.838	7.227
3.838	7.324
3.838	7.422
3.882	7.324
3.882	7.324
3.911	7.422
3.926	7.471
3.911	7.373
3.970	7.422
3.999	7.568
3.999	7.568
3.999	7.568
4.028	7.715
3.999	7.520
4.058	7.568
4.072	7.666
4.102	7.568
4.087	7.666
4.131	7.764
4.131	7.764
4.160	7.764
4.204	7.861
4.219	7.861
4.204	7.764
4.204	7.959
4.204	7.910
4.233	8.301
4.248	8.008
4.248	8.008
4.263	8.105
4.307	8.301
4.321	8.203
4.365	7.861
4.351	8.105
4.365	8.057
4.380	8.105
4.395	8.203
4.424	8.301
4.409	8.301
4.438	8.350
4.468	8.301
4.468	8.545
4.497	8.447
4.526	8.447
4.512	8.350
4.526	8.203
4.526	8.496
4.556	8.350
4.585	8.496
4.585	8.398
4.600	8.496
4.629	8.545
4.629	8.545
4.644	8.496
4.658	8.447
4.687	8.545
4.717	8.447
4.702	8.643
4.761	8.789
4.775	8.691
4.761	8.838
4.775	8.545
4.775	8.594
4.819	8.545
4.805	8.594
4.819	8.643
4.849	8.838
4.863	8.789
4.878	8.740
4.863	8.838
4.907	8.887
4.937	8.838
4.951	9.082
4.966	8.789
4.980	9.082
5.024	9.131
5.039	8.936
5.054	8.838
5.068	8.887
5.083	9.082
5.098	9.131
5.083	9.082
5.098	9.131
5.127	9.180
5.142	9.131
5.142	9.180
5.186	9.033
5.200	9.277
5.229	9.326
5.215	9.229
5.244	9.375
5.273	9.326
5.259	9.277
5.288	9.424
5.303	9.326
5.332	9.521
5.332	9.424
5.391	9.375
5.391	9.424
5.391	9.619
5.405	9.375
5.464	9.424
5.435	9.521
5.449	9.424
5.464	9.473
5.479	9.570
5.479	9.570
5.508	9.619
5.537	9.473
5.566	9.570
5.566	9.619
5.596	9.766
5.610	9.717
5.610	9.668
5.610	9.619
5.684	9.619
5.654	9.863
5.669	9.766
5.684	9.619
5.713	9.814
5.757	9.912
5.728	9.863
5.757	9.814
5.801	10.059
5.801	9.912
5.801	9.863
5.845	9.912
5.845	9.912
5.889	10.059
5.889	10.010
5.874	10.010
5.903	10.010
5.918	10.059
5.933	9.912
5.947	10.205
5.977	10.010
5.991	10.059
6.006	10.156
6.021	10.303
6.035	10.254
6.079	10.205
6.094	10.303
6.094	10.156
6.108	10.107
6.123	10.205
6.138	9.863
6.152	10.156
6.152	10.449
6.196	10.352
6.211	10.205
6.240	10.205
6.240	10.303
6.240	10.254
6.313	10.400
6.284	10.449
6.284	10.498
6.328	10.449
6.343	10.596
6.357	10.547
6.401	10.596
6.387	10.498
6.401	10.791
6.431	10.645
6.445	10.791
6.460	10.742
6.475	10.791
6.489	10.645
6.504	10.693
6.519	10.791
6.548	10.742
6.562	10.742
6.592	10.742
6.592	10.840
6.606	11.035
6.621	10.937
6.636	10.937
6.665	10.742
6.665	10.937
6.709	10.742
6.724	10.937
6.724	11.084
6.724	11.035
6.812	11.084
6.782	10.986
6.782	11.084
6.826	11.230
6.841	11.230
6.870	11.279
6.870	11.230
6.899	11.230
6.899	11.426
6.914	11.328
6.929	11.084
6.943	11.230
6.973	11.328
6.987	11.182
7.002	11.377
7.031	11.377
7.075	11.377
7.090	11.426
7.090	11.475
7.104	11.377
7.119	11.523
7.134	11.572
7.104	11.719
7.178	11.572
7.178	11.572
7.192	11.475
7.236	11.670
7.236	11.670
7.251	11.670
7.266	11.719
7.295	11.719
7.324	11.914
7.354	11.865
7.310	11.914
7.354	11.865
7.368	11.865
7.383	11.914
7.397	11.963
7.397	12.012
7.441	11.768
7.441	12.012
7.485	11.963
7.500	11.963
7.559	12.012
7.529	12.158
7.559	11.963
7.573	12.354
7.603	12.256
7.617	12.207
7.588	12.305
7.632	12.012
7.661	12.207
7.661	12.207
7.690	12.451
7.676	12.354
7.720	12.207
7.778	12.256
7.764	12.402
7.778	12.256
7.822	12.500
7.822	12.549
7.822	12.305
7.852	12.695
7.837	12.451
7.925	12.598
7.896	12.695
7.925	12.646
7.954	12.646
7.954	12.793
7.954	12.598
7.983	12.695
8.013	12.646
8.057	12.695
8.057	12.744
8.071	12.793
8.086	12.842
8.101	12.891
8.130	12.842
8.145	12.988
8.145	12.988
8.174	12.939
8.174	12.793
8.218	12.939
8.218	12.939
8.247	13.135
8.262	13.232
8.291	13.086
8.291	13.232
8.306	13.184
8.335	13.232
8.364	13.330
8.379	13.330
8.394	13.281
8.408	13.525
8.437	13.379
8.452	13.232
8.467	13.379
8.467	13.623
8.452	13.379
8.525	13.623
8.584	13.525
8.569	13.477
8.584	13.477
8.599	13.770
8.584	13.770
8.643	13.574
8.672	13.672
8.657	13.672
8.687	13.672
8.701	13.916
8.716	13.574
8.745	13.672
8.760	13.867
8.774	13.867
8.804	13.867
8.833	13.818
8.833	13.916
8.833	14.014
8.862	14.062
8.892	14.014
8.892	13.916
8.950	14.014
8.950	14.062
8.950	14.111
8.994	14.111
8.979	14.209
9.009	14.502
9.053	14.355
9.082	14.307
9.082	14.258
9.097	14.404
9.126	14.453
9.126	14.697
9.170	14.453
9.170	14.404
9.199	14.502
9.214	14.307
9.272	14.648
9.243	14.551
9.287	14.600
9.287	14.746
9.302	14.600
9.316	14.697
9.346	14.648
9.360	14.795
9.404	14.795
9.404	14.893
9.419	14.795
9.434	14.746
9.448	14.893
9.478	14.893
9.521	14.844
9.521	14.893
9.536	14.893
9.551	15.186
9.565	14.941
9.595	15.234
9.609	15.088
9.683	15.186
9.639	15.186
9.668	15.234
9.712	15.381
9.712	15.381
9.712	15.186
9.741	15.430
9.741	15.381
9.785	15.381
9.829	15.381
9.814	15.479
9.844	15.479
9.844	15.674
9.917	15.576
9.902	15.625
9.917	15.625
9.917	15.625
9.946	15.625
9.961	15.527
9.946	15.723
10.005	15.869
10.020	15.869
10.034	15.869
10.049	15.771
10.093	15.820
10.107	15.918
10.093	15.918
10.137	15.967
10.137	16.016
10.166	15.869
10.195	16.162
10.195	16.260
10.239	16.260
10.254	16.211
10.269	16.064
10.327	16.211
10.312	16.260
10.327	16.357
10.342	16.406
10.356	16.260
10.386	16.260
10.400	16.699
10.430	16.309
10.444	16.553
10.459	16.455
10.459	16.797
10.488	16.406
10.503	16.748
10.532	16.602
10.532	16.650
10.562	16.699
10.562	16.797
10.576	16.602
10.620	16.602
10.620	16.797
10.635	16.895
10.679	16.699
10.693	16.943
10.708	17.187
10.723	17.090
10.781	16.846
10.767	17.090
10.767	17.139
10.796	16.992
10.825	17.041
10.796	17.236
10.840	17.187
10.854	17.236
10.898	17.285
10.913	17.383
10.928	17.480
10.942	17.334
10.986	17.383
10.972	17.383
10.972	17.725
11.016	17.822
11.016	17.480
11.045	17.627
11.074	17.578
11.089	17.627
11.133	17.725
11.118	17.822
11.162	17.773
11.162	17.773
11.177	17.920
11.177	17.920
11.206	17.969
11.250	17.822
11.265	18.018
11.265	18.018
11.265	18.018
11.323	18.066
11.323	18.066
11.367	18.164
11.382	18.115
11.353	18.262
11.411	18.213
11.455	18.311
11.455	18.164
11.484	18.359
11.470	18.408
11.514	18.359
11.514	18.457
11.528	18.262
11.572	18.555
11.587	18.408
11.602	18.506
11.616	18.555
11.646	18.799
11.616	18.799
11.660	18.701
11.675	18.750
11.704	18.799
11.733	18.848
11.748	18.799
11.777	18.701
11.777	18.945
11.792	18.896
11.821	18.848
11.851	19.092
11.851	18.994
11.895	19.189
11.938	19.092
11.924	19.189
11.953	19.287
11.968	19.238
11.997	19.385
11.997	19.189
12.070	19.531
12.041	19.434
12.056	19.482
12.070	19.336
12.100	19.531
12.114	19.580
12.202	19.531
12.173	19.629
12.173	19.678
12.217	19.873
12.202	19.531
12.231	19.922
12.261	19.873
12.275	19.873
12.290	19.824
12.334	19.873
12.334	19.971
12.349	20.215
12.378	20.020
12.378	20.117
12.422	20.264
12.466	20.068
12.437	20.312
12.480	20.459
12.495	20.312
12.510	20.215
12.524	20.361
12.554	20.410
12.598	20.508
12.598	20.459
12.612	20.361
12.627	20.605
12.642	20.605
12.686	20.654
12.686	20.703
12.671	20.752
12.744	20.703
12.744	20.898
12.759	20.703
12.773	20.850
12.773	20.898
12.817	20.947
12.832	20.850
12.876	21.094
12.876	21.094
12.905	21.143
12.920	21.240
12.993	21.191
13.008	21.094
12.979	21.240
13.022	21.289
13.008	21.680
13.052	21.777
13.066	21.680
13.081	21.924
13.066	22.119
13.125	22.168
13.125	21.924
13.169	22.168
13.184	22.168
13.228	22.168
13.169	22.266
13.242	22.510
13.257	22.266
13.257	22.363
13.301	22.461
13.315	22.510
13.330	22.461
13.374	22.559
13.359	22.607
13.403	22.900
13.418	22.656
13.447	22.754
13.462	22.656
13.462	22.852
13.506	22.900
13.521	22.949
13.521	22.803
13.579	22.852
13.579	23.096
13.594	22.998
13.623	23.096
13.623	23.047
13.652	22.949
13.696	23.193
13.652	23.193
13.711	23.486
13.726	23.437
13.755	23.437
13.770	23.340
13.770	23.633
13.799	23.535
13.828	23.584
13.872	23.730
13.887	23.730
13.887	23.730
13.916	23.828
13.931	23.926
13.975	23.828
13.989	24.072
13.989	23.828
14.004	24.072
14.033	24.023
14.077	24.170
14.077	24.170
14.106	24.170
14.180	24.170
14.165	24.268
14.150	24.609
14.180	24.316
14.194	24.316
14.224	24.365
14.253	24.463
14.282	24.414
14.282	24.756
14.312	24.707
14.326	24.609
14.370	24.658
14.399	24.756
14.370	24.561
14.370	25.146
14.414	24.854
14.458	24.951
14.429	25.000
14.473	25.146
14.517	25.146
14.531	25.146
14.546	25.293
14.575	25.244
14.546	25.244
14.604	25.439
14.634	25.391
14.648	25.439
14.663	25.684
14.707	25.537
14.707	25.488
14.736	25.684
14.751	25.732
14.736	25.684
14.810	25.781
14.810	25.781
14.824	25.928
14.839	25.977
14.868	26.221
14.883	25.977
14.927	26.025
14.941	26.123
14.941	26.221
14.971	26.172
14.985	26.270
15.000	26.367
15.044	26.416
15.059	26.367
15.073	26.611
15.103	26.416
15.117	26.514
15.146	26.514
15.146	26.611
15.205	26.758
15.220	26.758
15.205	26.709
15.249	26.855
15.249	27.246
15.264	26.953
15.293	27.002
15.337	27.197
15.352	27.100
15.352	27.100
15.381	27.148
15.410	27.344
15.410	27.246
15.454	27.393
15.469	27.393
15.483	27.393
15.557	27.539
15.513	27.539
15.527	27.393
15.571	27.490
15.571	27.539
15.601	27.783
15.615	27.930
15.645	28.125
15.659	27.783
15.674	27.930
15.703	28.076
15.732	28.027
15.732	27.930
15.762	28.223
15.791	28.125
15.806	28.223
15.806	28.174
15.835	28.418
15.850	28.418
15.908	28.320
15.894	28.564
15.923	28.418
15.981	28.662
15.967	28.857
15.981	28.906
15.996	28.711
15.981	28.906
16.099	28.906
16.084	28.760
16.069	29.102
16.113	29.053
16.143	29.199
16.157	29.248
16.187	29.248
16.245	29.150
16.230	29.346
16.245	29.297
16.304	29.443
16.274	29.395
16.289	29.443
16.318	29.639
16.348	29.687
16.348	29.639
16.362	29.883
16.406	29.736
16.436	29.932
16.450	29.980
16.465	30.127
16.538	30.225
16.509	30.127
16.509	30.225
16.538	8.301
16.567	-1.270
16.582	-0.049
16.641	0.098
16.641	0.000
16.655	0.049
16.685	-0.098
16.699	-0.146
16.714	-0.049
16.729	-0.098
16.787	0.098
16.772	-0.098
16.802	-0.049
16.831	-0.098
16.860	-0.146
16.875	-0.049
16.875	0.195
16.919	-0.244
16.919	0.049
16.963	0.049
16.978	0.000
16.978	0.049
17.007	0.049
17.021	-0.049
17.051	-0.146
17.095	-0.195
17.109	-0.049
17.124	-0.146
17.139	0.000
17.168	-0.146
17.168	-0.293
17.212	-0.049
17.227	0.000
17.227	-0.146
17.256	-0.146
17.285	0.146
17.314	0.146
17.344	-0.098
17.344	-0.049
17.358	0.098
17.402	0.000
17.402	0.000
17.388	-0.049
17.388	-0.049
17.402	-0.146
17.373	0.049
17.373	-0.049
17.402	0.000
17.388	0.049
17.388	0.049
17.402	0.000
17.402	-0.293
17.388	0.098
17.417	0.049
17.388	-0.098
17.402	0.049
17.417	-0.195
17.402	0.000
17.388	0.195
17.402	-0.293
17.373	-0.244
17.402	0.000
17.373	0.000
17.402	-0.098
17.402	-0.049
17.373	0.098
17.388	-0.098
17.388	0.000
17.388	0.000
17.388	0.000
17.388	-0.146
17.402	-0.098
17.446	-0.146
17.402	-0.049
17.402	-0.049
17.402	0.049
17.388	-0.098
17.402	-0.098
17.388	-0.049
17.402	-0.098
17.373	0.000
17.388	-0.049
17.373	-0.049
17.402	-0.146
17.432	-0.195
17.388	0.000
17.388	0.098
17.388	0.000
17.402	-0.098
17.402	0.195
17.388	0.000
17.402	0.049
17.388	-0.049
17.402	0.000
17.402	0.000
17.402	-0.049
17.417	0.098
17.373	-0.049
17.402	-0.049
17.373	-0.098
17.417	0.098
17.388	-0.049
17.388	-0.049
17.388	-0.146
17.402	0.000
17.417	-0.049
17.388	0.049
17.402	-0.049
17.388	-0.049
17.402	0.146
17.417	-0.098
17.388	0.195
17.388	-0.146
17.402	-0.195
17.358	-0.098
17.388	-0.049
17.388	-0.146
17.402	0.049
17.402	-0.146
17.402	0.098
17.344	-0.049
17.402	0.000
17.432	-0.049
17.402	-0.049
17.388	-0.244
17.373	-0.098
17.388	0.146
17.388	-0.244
17.358	-0.049
17.402	-0.049
17.373	-0.146
17.402	0.049
17.388	-0.244
17.358	0.000
17.388	-0.342
17.402	-0.195
17.402	-0.098
17.402	0.098
17.388	-0.146
17.388	-0.098
17.402	-0.049
17.417	-0.049
17.402	-0.049
17.417	-0.146
17.388	0.146
17.417	0.000
17.388	-0.049
17.388	0.000
17.402	-0.049
17.402	0.049
17.402	0.049
17.417	-0.146
17.388	-0.293
17.402	0.000
17.373	-0.049
17.402	-0.146
17.388	0.000
17.402	-0.049
17.402	0.098
17.388	-0.195
17.388	-0.146
