0.029	0.049
0.044	0.195
0.029	0.244
0.029	0.195
0.044	0.098
0.029	0.195
0.044	0.244
0.044	0.049
0.059	0.098
0.073	0.000
0.073	0.195
0.117	0.244
0.117	0.195
0.117	0.098
0.132	0.146
0.146	0.195
0.161	0.244
0.176	0.146
0.146	0.000
0.190	0.293
0.205	0.195
0.220	0.049
0.249	0.000
0.249	0.195
0.234	0.244
0.278	0.146
0.264	0.146
0.293	0.342
0.322	0.488
0.308	0.293
0.352	0.293
0.352	0.244
0.366	0.293
0.381	0.146
0.396	0.293
0.410	0.195
0.439	0.049
0.425	0.195
0.469	0.342
0.454	0.244
0.483	0.098
0.498	0.195
0.527	0.195
0.513	0.146
0.527	0.342
0.527	0.342
0.542	0.293
0.557	0.049
0.586	0.146
0.586	0.244
0.601	0.342
0.630	0.342
0.630	0.293
0.630	0.195
0.659	0.098
0.674	0.342
0.718	0.244
0.688	0.244
0.718	0.342
0.732	0.244
0.747	0.244
0.776	-0.146
0.806	0.342
0.791	0.293
0.791	0.195
0.806	0.439
0.835	0.488
0.835	0.391
0.835	0.342
0.850	0.146
0.879	0.342
0.908	0.391
0.908	0.635
0.937	0.391
0.981	0.439
0.937	0.391
0.967	0.293
0.996	0.732
0.996	0.244
1.011	0.244
1.011	0.342
1.040	0.488
1.025	0.439
1.055	0.439
1.069	0.537
1.099	0.488
1.113	0.439
1.128	0.586
1.143	0.586
1.157	0.537
1.128	0.537
1.172	0.732
1.187	0.586
1.201	0.684
1.230	0.684
1.245	0.537
1.245	0.537
1.274	0.635
1.274	0.732
1.333	0.635
1.318	0.586
1.318	0.732
1.348	0.781
1.392	0.781
1.377	0.537
1.392	0.732
1.406	0.586
1.421	0.830
1.450	0.781
1.450	0.830
1.465	1.025
1.465	0.879
1.479	0.830
1.509	0.781
1.523	1.074
1.553	0.781
1.567	0.977
1.567	0.879
1.582	1.172
1.611	0.928
1.611	1.074
1.641	1.123
1.641	1.123
1.685	1.172
1.685	1.270
1.699	1.221
1.714	1.270
1.743	1.221
1.743	1.221
1.772	1.367
1.772	1.416
1.802	1.416
1.831	1.465
1.875	1.465
1.860	1.562
1.860	1.660
1.890	1.611
1.904	1.465
1.919	1.709
1.919	1.758
1.992	1.758
1.948	2.002
1.978	1.953
1.992	1.953
2.021	1.904
2.007	1.562
2.051	2.002
2.051	1.953
2.065	2.051
2.080	2.148
2.095	2.051
2.109	2.246
2.139	2.197
2.153	2.295
2.183	2.344
2.153	2.490
2.183	2.441
2.212	2.393
2.227	2.490
2.241	2.539
2.271	2.344
2.271	2.588
2.285	2.832
2.300	2.930
2.329	3.125
2.344	2.881
2.344	2.881
2.358	3.027
2.373	2.979
2.388	2.979
2.402	3.125
2.432	2.930
2.432	3.271
2.446	3.174
2.476	3.174
2.476	3.418
2.505	3.369
2.505	3.369
2.520	3.320
2.534	3.467
2.607	3.467
2.578	3.369
2.578	3.662
2.607	3.711
2.637	3.760
2.651	3.760
2.637	3.711
2.681	3.662
2.681	3.955
2.681	3.760
2.695	3.906
2.725	4.004
2.739	4.053
2.769	4.102
2.769	4.053
2.783	3.857
2.798	4.248
2.798	4.199
2.827	4.346
2.856	4.297
2.871	4.346
2.871	4.248
2.871	4.199
2.900	4.395
2.930	4.736
2.944	4.492
2.944	4.590
2.988	4.590
3.003	4.834
3.018	4.736
3.003	4.736
3.032	4.932
3.091	5.078
3.076	4.932
3.091	5.029
3.135	5.029
3.105	5.176
3.135	5.127
3.164	5.322
3.164	5.127
3.179	5.176
3.179	5.322
3.193	5.371
3.223	5.371
3.252	5.273
3.237	5.518
3.296	5.469
3.311	5.615
3.325	5.566
3.340	5.762
3.340	5.420
3.325	5.713
3.369	5.762
3.398	5.811
3.398	5.908
3.428	5.762
3.428	6.006
3.472	6.201
3.457	6.201
3.486	6.104
3.516	6.250
3.516	6.201
3.545	6.250
3.545	6.348
3.545	6.543
3.574	6.494
3.604	6.348
3.633	6.445
3.647	6.592
3.662	6.641
3.706	6.689
3.677	6.689
3.706	6.641
3.721	6.787
3.721	6.787
3.735	6.885
3.779	6.885
3.779	6.934
3.809	6.982
3.823	7.080
3.838	7.275
3.882	7.178
3.882	7.178
3.882	7.227
3.896	7.227
3.911	7.422
3.955	7.471
3.911	7.422
3.970	7.471
3.984	7.715
4.014	7.568
4.014	7.568
4.043	7.568
4.072	7.617
4.058	7.764
4.072	7.764
4.102	7.764
4.116	7.861
4.116	7.715
4.131	7.861
4.131	7.812
4.175	7.959
4.189	8.008
4.204	8.154
4.219	8.008
4.219	8.057
4.233	8.154
4.248	8.252
4.263	8.252
4.307	8.301
4.321	8.203
4.321	8.398
4.336	8.252
4.351	8.545
4.365	8.350
4.424	8.447
4.395	8.447
4.424	8.594
4.438	8.545
4.438	8.594
4.453	8.545
4.468	8.740
4.482	8.789
4.497	8.789
4.512	8.789
4.541	8.838
4.556	8.984
4.556	8.789
4.585	8.887
4.614	8.887
4.614	9.082
4.644	8.936
4.644	9.326
4.644	9.131
4.687	9.082
4.687	9.180
4.702	9.229
4.731	9.180
4.746	9.229
4.761	9.277
4.790	9.326
4.775	9.375
4.849	9.326
4.819	9.473
4.834	9.570
4.849	9.570
4.878	9.570
4.878	9.570
4.878	9.570
4.878	9.570
4.966	9.814
4.937	9.619
4.966	9.668
4.980	9.766
5.010	9.570
5.024	9.814
5.024	9.814
5.054	9.863
5.068	9.961
5.083	10.010
5.083	10.010
5.127	10.010
5.127	9.961
5.142	9.961
5.171	9.863
5.171	9.766
5.229	10.205
5.200	10.254
5.215	10.156
5.229	10.400
5.259	10.205
5.317	10.449
5.273	10.254
5.288	10.205
5.303	10.498
5.332	10.303
5.347	10.254
5.361	10.303
5.376	10.498
5.376	10.400
5.405	10.693
5.464	10.596
5.435	10.547
5.449	10.645
5.493	10.596
5.493	10.693
5.537	10.937
5.537	10.742
5.537	10.742
5.566	10.840
5.581	10.840
5.581	10.742
5.654	10.693
5.625	11.084
5.640	10.937
5.669	10.937
5.684	11.182
5.669	10.986
5.713	10.937
5.713	11.182
5.742	10.937
5.815	11.133
5.771	10.889
5.801	11.182
5.815	11.133
5.786	11.182
5.815	11.523
5.859	11.328
5.889	11.426
5.889	11.328
5.859	11.377
5.918	11.377
5.962	11.572
5.947	11.426
5.947	11.377
5.991	11.572
5.991	11.475
6.021	11.670
6.050	11.572
6.050	11.621
6.064	11.768
6.064	11.719
6.108	11.621
6.138	11.572
6.152	11.621
6.167	11.572
6.167	12.109
6.211	12.012
6.196	11.719
6.226	11.719
6.240	12.012
6.255	11.719
6.284	11.523
6.284	11.865
6.328	12.012
6.328	12.012
6.343	11.914
6.357	12.109
6.372	12.109
6.387	12.109
6.431	12.109
6.445	12.158
6.460	12.109
6.460	12.305
6.460	12.207
6.504	12.109
6.489	12.256
6.562	12.305
6.562	12.305
6.577	12.402
6.592	12.451
6.592	11.230
6.621	1.660
6.650	-0.342
6.606	0.098
6.665	0.146
6.680	0.000
6.709	0.098
6.680	0.244
6.738	0.146
6.768	0.195
6.768	-0.098
6.782	0.000
6.797	-0.049
6.812	0.049
6.855	0.000
6.826	0.098
6.870	0.098
6.885	0.000
6.899	0.098
6.929	0.146
6.929	0.049
6.958	0.098
6.973	0.146
7.002	0.146
7.002	0.049
7.017	-0.098
7.031	0.049
7.075	0.146
7.075	0.049
7.119	0.098
7.134	0.049
7.134	0.000
7.119	0.244
7.148	0.098
7.148	0.049
7.192	0.049
7.222	0.195
7.236	0.098
7.251	0.049
7.280	-0.098
7.266	0.098
7.310	0.342
7.339	0.195
7.339	0.195
7.354	0.098
7.354	-0.049
7.383	0.098
7.383	0.098
7.427	0.146
7.427	-0.049
7.441	-0.098
7.427	0.146
7.471	0.146
7.427	0.000
7.427	-0.146
7.441	0.098
7.427	-0.049
7.427	0.000
7.427	0.195
7.427	0.098
7.441	0.049
7.412	0.000
7.441	-0.244
7.427	0.146
7.456	0.000
7.427	0.146
7.441	0.000
7.427	0.049
7.427	0.098
7.441	0.098
7.427	0.049
7.441	0.146
7.427	-0.049
7.471	0.098
7.441	-0.098
7.383	0.049
7.441	0.146
7.441	-0.146
7.427	0.049
7.412	0.342
7.412	-0.146
7.427	0.000
7.412	-0.342
7.427	-0.049
7.441	0.195
7.427	0.049
7.427	0.000
7.427	0.146
7.412	-0.049
7.427	0.049
7.427	0.000
7.412	0.146
7.427	0.244
7.441	0.195
7.427	0.000
7.427	0.098
7.441	-0.049
7.427	0.244
7.456	0.000
7.456	0.098
7.427	-0.098
7.427	0.049
7.427	-0.098
7.427	-0.049
7.456	0.098
7.441	0.098
7.441	-0.146
7.471	0.146
7.441	0.049
7.427	0.146
7.441	0.000
7.427	0.195
7.441	0.098
7.412	0.049
