0.059	0.146
0.029	0.244
0.015	0.146
0.029	0.098
0.044	0.146
0.044	0.000
0.029	0.049
0.088	0.098
0.059	0.049
0.044	0.049
0.015	0.000
0.044	0.049
0.044	0.244
0.029	-0.098
0.029	0.098
0.029	0.098
0.029	0.000
0.029	0.146
0.059	0.000
0.044	0.146
0.044	0.146
0.029	0.098
0.029	0.049
0.059	0.000
0.029	0.098
0.029	-0.049
0.059	0.195
0.059	0.049
0.029	0.049
0.044	0.146
0.029	-0.049
0.044	0.146
0.059	0.098
0.073	0.146
0.088	0.049
0.088	0.146
0.117	0.244
0.132	0.098
0.132	0.293
0.146	0.049
0.161	0.000
0.176	0.146
0.205	0.049
0.205	0.146
0.220	0.146
0.234	0.146
0.249	0.195
0.264	0.000
0.278	0.195
0.278	0.146
0.322	0.146
0.308	0.000
0.308	0.098
0.337	0.146
0.337	0.000
0.352	0.293
0.381	0.195
0.381	0.146
0.396	0.195
0.396	0.293
0.410	0.342
0.425	0.146
0.454	0.244
0.483	0.439
0.498	0.195
0.498	0.244
0.513	0.439
0.513	0.342
0.557	0.342
0.571	0.732
0.586	0.488
0.601	0.488
0.601	0.439
0.615	0.342
0.645	0.439
0.659	0.586
0.659	0.488
0.718	0.439
0.688	0.635
0.718	0.586
0.718	0.586
0.718	0.488
0.732	0.635
0.747	0.586
0.806	0.586
0.791	0.684
0.806	0.586
0.820	0.684
0.850	0.586
0.894	0.732
0.850	0.732
0.864	0.684
0.879	0.830
0.908	0.586
0.908	0.635
0.952	0.830
0.952	0.830
0.967	1.025
1.011	0.977
0.981	0.830
0.996	0.879
1.055	1.025
1.040	1.074
1.040	1.025
1.055	1.074
1.084	0.977
1.099	1.025
1.099	1.074
1.128	1.270
1.143	1.270
1.172	1.318
1.187	1.172
1.201	1.367
1.216	1.318
1.230	1.318
1.260	1.514
1.274	1.416
1.289	1.514
1.304	1.562
1.318	1.465
1.333	1.465
1.348	1.514
1.348	1.562
1.392	1.611
1.406	1.709
1.377	1.758
1.421	1.758
1.421	1.709
1.450	1.758
1.465	1.855
1.479	1.758
1.479	1.904
1.494	2.051
1.523	1.953
1.523	2.100
1.553	2.100
1.567	2.100
1.582	2.002
1.611	2.295
1.655	2.148
1.641	2.246
1.670	2.295
1.685	2.295
1.699	2.393
1.699	2.295
1.714	2.344
1.758	2.441
1.772	2.539
1.758	2.539
1.802	2.588
1.816	2.637
1.846	2.686
1.860	2.734
1.860	2.637
1.846	2.881
1.904	2.783
1.934	3.125
1.934	2.979
1.963	2.832
2.021	3.076
2.007	3.223
1.992	3.223
2.007	3.027
2.051	3.076
2.051	3.125
2.036	3.174
2.065	3.271
2.095	3.467
2.095	3.467
2.124	3.564
2.139	3.418
2.153	3.320
2.153	3.516
2.153	3.516
2.183	3.613
2.197	3.613
2.212	3.564
2.256	3.662
2.241	3.662
2.241	3.662
2.256	3.809
2.285	3.809
2.300	3.809
2.344	3.955
2.329	3.857
2.373	3.906
2.344	4.102
2.402	3.906
2.432	4.102
2.417	4.199
2.446	4.053
2.432	4.199
2.490	4.395
2.490	4.297
2.534	4.297
2.520	4.199
2.534	4.248
2.534	4.297
2.563	4.443
2.563	4.492
2.563	4.492
2.607	4.541
2.637	4.736
2.651	4.590
2.637	4.639
2.651	4.297
2.681	4.687
2.710	4.785
2.710	4.980
2.739	4.883
2.754	4.785
2.798	4.883
2.754	4.932
2.812	4.834
2.827	5.029
2.812	5.127
2.871	5.127
2.871	5.127
2.871	5.176
2.871	5.225
2.886	5.176
2.930	5.420
2.944	5.273
2.944	5.322
2.974	5.371
2.944	5.420
2.959	5.420
3.003	5.469
3.032	5.664
3.062	5.420
3.091	5.518
3.120	5.615
3.105	5.518
3.120	5.713
3.149	5.713
3.149	5.811
3.164	5.859
3.193	5.762
3.208	5.811
3.223	5.908
3.193	5.859
3.252	6.006
3.267	6.104
3.252	6.055
3.296	5.957
3.325	6.006
3.340	6.055
3.354	6.055
3.369	6.201
3.369	6.152
3.398	6.250
3.413	6.445
3.413	6.201
3.457	6.299
3.486	6.396
3.472	6.445
3.486	6.299
3.501	6.543
3.516	6.494
3.560	6.494
3.589	6.543
3.589	6.592
3.618	6.445
3.604	6.641
3.604	6.641
3.647	6.689
3.662	6.641
3.677	6.787
3.691	6.738
3.706	6.738
3.735	6.738
3.735	6.689
3.735	6.982
3.779	6.934
3.779	6.982
3.809	6.787
3.823	6.934
3.838	7.129
3.867	7.031
3.867	7.129
3.911	7.324
3.926	7.178
3.926	7.227
3.940	7.227
3.970	7.324
3.984	7.324
3.984	7.422
3.999	7.568
4.043	7.373
4.014	7.422
4.072	7.520
4.087	7.178
4.072	7.324
4.116	7.568
4.131	7.471
4.146	7.617
4.146	7.471
4.175	7.471
4.189	7.764
4.233	7.568
4.219	7.568
4.219	7.910
4.263	7.666
4.277	7.715
4.277	7.764
4.321	7.764
4.307	7.812
4.321	7.910
4.351	8.008
4.365	7.910
4.365	7.910
4.395	7.910
4.424	7.959
4.438	8.105
4.453	7.959
4.453	7.910
4.482	7.861
4.482	8.008
4.497	8.057
4.512	8.105
4.570	8.203
4.556	8.252
4.570	7.959
4.585	8.154
4.600	8.203
4.629	8.252
4.644	8.203
4.629	8.301
4.658	8.203
4.687	8.252
4.717	8.105
4.717	8.301
4.731	8.301
4.761	8.203
4.731	8.398
4.761	8.447
4.775	8.398
4.805	8.252
4.819	8.447
4.849	8.447
4.849	8.496
4.863	8.447
4.863	8.203
4.878	8.545
4.907	8.545
4.937	8.545
4.951	8.691
4.937	8.545
4.966	8.496
4.995	8.545
5.010	8.545
5.083	8.545
5.054	8.643
5.039	8.789
5.083	8.936
5.083	8.740
5.098	8.643
5.112	8.691
5.142	8.691
5.171	8.740
5.186	8.838
5.186	8.691
5.215	8.887
5.229	8.887
5.229	8.936
5.259	8.789
5.244	8.887
5.288	9.033
5.303	9.033
5.317	9.082
5.303	8.984
5.347	8.984
5.376	8.936
5.391	9.082
5.391	8.984
5.391	9.180
5.420	9.033
5.420	8.984
5.479	8.984
5.479	9.229
5.479	9.082
5.522	9.180
5.522	9.229
5.566	9.082
5.596	9.229
5.581	9.326
5.610	9.277
5.596	9.473
5.654	9.277
5.640	9.424
5.654	9.473
5.684	9.473
5.713	9.424
5.698	9.570
5.713	9.521
5.757	9.473
5.728	9.473
5.771	9.521
5.815	9.521
5.801	9.619
5.830	9.570
5.859	9.619
5.859	9.619
5.874	9.717
5.889	9.717
5.918	9.717
5.889	9.619
5.933	9.668
5.947	9.717
5.962	9.521
6.006	9.863
6.006	9.717
6.021	9.814
6.064	9.814
6.064	9.619
6.094	9.912
6.094	9.668
6.108	9.863
6.182	9.863
6.123	9.961
6.138	9.961
6.167	10.010
6.196	10.205
6.211	10.059
6.226	10.059
6.211	10.254
6.284	10.107
6.270	10.205
6.284	10.205
6.313	10.352
6.328	10.205
6.343	10.449
6.372	10.156
6.372	10.400
6.401	10.303
6.416	10.156
6.431	10.400
6.445	10.303
6.460	10.400
6.504	10.449
6.504	10.352
6.519	10.547
6.533	10.400
6.562	10.498
6.592	10.498
6.592	10.449
6.665	10.449
6.621	10.498
6.621	10.547
6.636	10.547
6.680	10.693
6.694	10.742
6.694	10.596
6.738	10.742
6.753	10.498
6.768	10.693
6.797	10.791
6.797	10.547
6.797	10.645
6.826	10.742
6.855	10.889
6.870	10.693
6.885	10.889
6.899	10.889
6.914	10.986
6.929	10.986
6.943	10.937
6.973	10.937
6.987	11.084
7.002	10.986
7.031	11.035
7.046	11.182
7.061	10.937
7.061	11.279
7.104	11.230
7.119	11.133
7.119	11.230
7.148	11.279
7.163	11.182
7.178	11.230
7.207	11.230
7.236	11.426
7.236	11.133
7.236	11.426
7.295	11.230
7.310	11.377
7.295	11.475
7.339	11.328
7.339	11.523
7.354	11.572
7.368	11.621
7.412	11.572
7.427	11.572
7.412	11.670
7.441	11.523
7.456	11.670
7.500	11.426
7.485	11.719
7.529	11.719
7.559	11.523
7.588	11.621
7.573	11.768
7.573	11.816
7.588	11.768
7.632	11.816
7.632	11.816
7.632	11.768
7.661	11.865
7.764	11.914
7.705	11.914
7.720	11.963
7.778	11.914
7.764	12.061
7.778	11.914
7.808	12.012
7.793	12.061
7.866	11.914
7.866	12.109
7.896	12.012
7.896	12.158
7.954	12.158
7.939	12.256
7.954	12.207
7.983	12.256
7.983	12.207
8.013	12.451
8.071	12.256
8.042	12.305
8.086	12.500
8.086	12.158
8.101	12.402
8.101	12.451
8.130	12.451
8.159	12.598
8.203	12.549
8.203	12.402
8.203	12.354
8.232	12.598
8.247	12.598
8.291	12.744
8.276	12.939
8.291	12.842
8.320	12.744
8.350	12.744
8.350	12.891
8.408	12.793
8.394	12.842
8.423	12.891
8.437	13.135
8.452	12.842
8.467	13.086
8.481	13.037
8.511	13.037
8.511	13.086
8.555	13.232
8.555	13.086
8.584	13.135
8.599	13.184
8.628	13.232
8.643	13.281
8.672	13.135
8.672	13.330
8.701	13.330
8.701	13.330
8.730	13.232
8.760	13.379
8.789	13.525
8.789	13.330
8.818	13.428
8.848	13.818
8.862	13.574
8.848	13.721
8.877	13.574
8.877	13.623
8.921	13.281
8.906	13.574
8.950	13.574
8.979	13.672
8.979	13.477
9.023	13.672
9.023	13.721
9.053	13.770
9.053	13.965
9.126	13.818
9.111	13.916
9.097	13.721
9.141	14.014
9.141	14.209
9.214	13.965
9.199	14.062
9.214	14.062
9.243	14.062
9.272	14.062
9.287	14.160
9.287	14.111
9.331	14.160
9.331	14.111
9.360	14.355
9.360	14.062
9.404	14.502
9.434	14.258
9.434	14.502
9.448	14.404
9.478	14.551
9.492	14.404
9.521	14.404
9.536	14.600
9.551	14.551
9.565	14.697
9.595	14.648
9.624	14.746
9.595	14.795
9.653	14.746
9.668	14.941
9.683	14.697
9.727	14.941
9.727	14.990
9.741	14.893
9.756	15.039
9.785	15.137
9.829	14.941
9.829	15.088
9.844	15.186
9.902	14.990
9.888	15.479
9.902	15.137
9.932	15.283
9.961	15.332
9.961	15.381
9.961	15.381
10.020	15.625
10.005	15.527
10.005	15.479
10.063	15.479
10.078	15.527
10.078	15.625
10.093	15.771
10.122	15.674
10.210	15.674
10.166	15.674
10.181	15.625
10.225	15.723
10.225	15.771
10.210	15.723
10.269	15.723
10.283	15.918
10.298	15.820
10.312	15.918
10.327	15.967
10.356	16.064
10.371	16.113
10.430	16.064
10.415	16.113
10.430	16.211
10.459	16.260
10.474	16.309
10.488	16.357
10.488	16.309
10.532	16.016
10.547	16.406
10.532	16.455
10.547	16.504
10.605	16.357
10.620	16.357
10.605	16.602
10.664	16.504
10.679	16.650
10.723	16.553
10.708	16.895
10.737	16.455
10.737	16.602
10.767	16.748
10.781	16.846
10.811	16.895
10.825	16.699
10.869	16.748
10.854	16.943
10.884	16.943
10.928	16.846
10.913	17.139
10.913	16.943
10.957	17.139
10.986	17.139
10.972	17.285
11.016	17.187
11.016	17.236
11.045	17.285
11.060	17.334
11.104	17.334
11.060	17.383
11.133	17.285
11.162	17.432
11.147	17.480
11.162	17.480
11.206	17.627
11.235	17.480
11.206	17.529
11.265	17.529
11.279	17.725
11.294	17.529
11.323	17.773
11.338	17.725
11.353	17.822
11.367	17.822
11.440	17.920
11.411	17.871
11.426	18.066
11.455	18.164
11.426	18.018
11.484	18.018
11.499	18.164
11.514	18.213
11.543	18.213
11.572	18.018
11.602	18.262
11.602	18.213
11.631	18.262
11.646	18.408
11.616	18.457
11.719	18.555
11.719	18.555
11.704	18.945
11.748	18.506
11.763	18.604
11.777	18.652
11.807	18.750
11.821	18.652
11.836	18.701
11.865	18.701
11.880	18.896
11.895	18.896
11.880	19.043
11.924	18.896
11.953	18.994
11.968	18.945
11.997	18.994
12.012	19.043
12.026	19.092
12.085	19.189
12.070	19.189
12.085	19.189
12.129	19.434
12.129	19.482
12.144	19.434
12.173	19.482
12.187	19.580
12.173	19.531
12.231	19.531
12.246	19.531
12.246	19.727
12.319	19.580
12.305	19.727
12.363	19.727
12.334	19.824
12.363	19.922
12.378	20.068
12.422	19.873
12.407	19.873
12.451	20.020
12.480	19.922
12.510	19.971
12.495	20.264
12.510	20.068
12.554	20.117
12.524	20.068
12.583	20.264
12.598	20.264
12.598	20.264
12.627	20.361
12.656	20.312
12.656	20.459
12.686	20.508
12.700	20.557
12.715	20.557
12.744	20.459
12.759	20.801
12.759	20.801
12.817	20.801
12.832	20.752
12.847	19.531
12.832	0.977
12.920	-0.488
12.891	0.098
12.935	0.049
12.935	-0.195
12.949	-0.049
12.979	0.000
13.008	0.146
13.022	0.098
13.066	-0.098
13.052	-0.098
13.081	0.049
13.110	0.098
13.140	-0.049
13.125	-0.195
13.125	0.049
13.169	0.049
13.213	0.293
13.228	0.000
13.286	-0.146
13.257	0.000
13.286	-0.098
13.315	0.146
13.315	0.000
13.345	0.049
13.359	0.000
13.403	0.098
13.389	-0.049
13.433	-0.049
13.447	0.195
13.477	-0.049
13.491	-0.049
13.506	0.000
13.535	0.049
13.535	0.049
13.594	0.049
13.594	0.049
13.608	0.000
13.608	-0.146
13.667	-0.098
13.652	0.244
13.696	0.000
13.696	0.000
13.726	0.049
13.726	0.098
13.770	0.098
13.784	0.049
13.784	-0.146
13.857	-0.049
13.828	0.049
13.857	-0.049
13.887	0.049
13.916	-0.098
13.931	-0.049
13.960	-0.195
13.975	-0.049
13.989	-0.098
14.019	-0.146
14.062	-0.098
14.048	0.000
14.077	0.049
14.092	0.098
14.136	0.195
14.136	-0.098
14.165	0.049
14.136	0.098
14.150	0.000
14.180	-0.098
14.150	0.049
14.165	0.049
14.150	0.049
14.150	0.000
14.165	0.146
14.165	0.195
14.136	0.049
14.165	0.000
14.194	-0.195
14.150	0.049
14.180	-0.146
14.165	0.098
14.165	-0.098
14.194	0.000
14.136	-0.049
14.209	0.000
14.136	-0.098
14.165	0.049
14.136	0.195
14.165	0.000
14.165	-0.049
14.165	0.000
14.165	-0.049
14.165	0.049
14.150	-0.049
14.150	0.000
14.165	-0.049
14.180	-0.098
14.165	0.098
14.150	0.000
14.165	-0.098
14.165	0.049
14.165	-0.098
14.165	0.000
14.165	-0.098
14.180	0.000
14.165	0.098
14.150	-0.098
14.150	-0.098
14.165	0.000
14.180	0.000
14.165	0.146
14.165	0.342
14.165	0.049
14.165	0.000
14.180	0.098
14.165	0.049
14.165	-0.049
14.209	-0.195
14.165	0.049
14.136	-0.146
14.165	-0.049
14.180	0.049
14.165	-0.098
14.150	0.000
14.180	0.049
14.209	-0.391
14.194	0.000
14.136	0.049
14.180	0.049
14.150	-0.146
14.150	0.049
14.106	-0.098
14.150	-0.049
14.150	0.146
14.165	0.049
14.180	0.049
14.165	0.244
14.165	0.049
14.165	0.000
14.165	0.098
14.150	-0.049
14.165	-0.049
14.136	0.146
14.165	-0.195
14.165	-0.195
14.165	0.000
14.224	-0.049
14.165	0.049
14.165	0.146
14.165	0.098
14.150	-0.098
14.150	-0.146
