0.029	0.244
0.073	0.293
0.029	0.195
0.015	0.049
0.029	0.244
0.029	0.098
0.015	0.049
0.059	0.000
0.029	0.049
0.029	0.342
0.044	0.000
0.044	0.000
0.044	0.195
0.088	0.098
0.059	0.195
0.044	0.195
0.015	0.146
0.029	0.195
0.059	0.195
0.088	0.098
0.059	0.146
0.088	0.098
0.103	0.000
0.103	0.146
0.132	0.098
0.103	0.244
0.190	0.146
0.161	0.098
0.176	0.146
0.190	0.146
0.220	0.244
0.205	0.146
0.220	0.195
0.249	0.195
0.249	0.732
0.278	0.195
0.264	0.293
0.293	0.244
0.322	0.195
0.352	0.098
0.337	0.244
0.322	0.391
0.337	0.342
0.381	0.391
0.396	0.439
0.410	0.391
0.396	0.293
0.425	0.439
0.410	0.146
0.454	0.635
0.454	0.244
0.483	0.537
0.483	0.488
0.513	0.439
0.527	0.781
0.527	0.586
0.542	0.488
0.571	0.342
0.557	0.684
0.571	0.635
0.586	0.488
0.615	0.732
0.630	0.635
0.630	0.977
0.659	0.684
0.659	0.830
0.674	0.684
0.688	0.830
0.718	0.781
0.732	0.928
0.747	1.025
0.762	0.977
0.776	1.025
0.747	0.928
0.791	0.977
0.806	1.270
0.820	1.221
0.850	1.172
0.864	1.318
0.894	1.270
0.908	1.367
0.923	1.367
0.937	1.318
0.952	1.416
0.981	1.465
0.981	1.416
1.011	1.709
1.025	1.465
1.025	1.611
1.069	1.611
1.084	1.758
1.099	1.807
1.113	1.855
1.128	1.855
1.128	1.855
1.157	1.855
1.172	1.904
1.187	2.100
1.187	1.709
1.216	1.953
1.230	1.904
1.216	1.953
1.260	2.100
1.274	2.148
1.289	2.100
1.289	2.148
1.304	2.246
1.333	1.611
1.392	1.611
1.362	1.660
1.377	1.758
1.421	1.855
1.421	1.660
1.450	1.855
1.436	1.807
1.465	1.807
1.479	1.904
1.494	2.002
1.494	2.051
1.509	2.100
1.553	2.295
1.553	1.855
1.553	1.953
1.567	2.344
1.567	2.344
1.626	2.295
1.670	2.197
1.655	2.441
1.655	2.295
1.685	2.295
1.699	2.295
1.699	2.246
1.743	2.393
1.758	2.734
1.772	2.344
1.772	2.588
1.787	2.539
1.802	2.783
1.831	2.441
1.831	2.539
1.860	2.393
1.860	2.783
1.890	2.783
1.890	2.881
1.919	2.930
1.948	2.881
1.948	2.832
1.963	2.783
1.992	2.930
1.992	2.930
2.021	2.783
2.036	2.734
2.021	2.783
2.065	2.637
2.080	2.979
2.051	2.783
2.109	2.783
2.124	2.783
2.153	2.930
2.197	2.783
2.153	2.734
2.183	2.539
2.183	2.734
2.197	2.881
2.212	2.588
2.212	2.832
2.241	2.783
2.271	2.588
2.285	2.783
2.285	2.490
2.300	2.490
2.358	2.441
2.358	2.637
2.344	2.686
2.373	2.637
2.388	2.588
2.388	2.734
2.432	2.783
2.432	2.783
2.432	2.686
2.476	2.637
2.490	2.832
2.534	3.174
2.490	3.613
2.505	4.053
2.549	4.102
2.549	4.248
2.622	4.297
2.607	4.346
2.622	4.443
2.593	4.395
2.637	4.590
2.637	4.639
2.666	4.883
2.681	4.834
2.710	4.736
2.710	5.176
2.739	5.029
2.769	5.176
2.769	5.225
2.783	5.273
2.783	5.371
2.827	5.420
2.842	5.566
2.856	5.518
2.856	5.615
2.886	5.762
2.900	5.859
2.930	5.908
2.944	6.006
2.944	6.055
2.974	6.104
2.988	6.055
3.003	6.104
2.988	6.299
2.988	6.494
3.047	6.396
3.047	6.592
3.105	6.494
3.091	6.543
3.120	6.592
3.120	6.641
3.149	6.787
3.149	6.689
3.164	6.836
3.164	6.836
3.193	6.787
3.223	7.031
3.296	7.031
3.267	7.227
3.281	7.275
3.311	7.422
3.311	7.471
3.325	7.422
3.354	7.471
3.398	7.471
3.428	7.617
3.413	8.008
3.428	7.910
3.457	7.764
3.486	8.154
3.486	8.252
3.516	8.105
3.516	8.105
3.472	8.057
3.545	8.301
3.560	8.301
3.589	8.350
3.574	8.301
3.604	8.350
3.633	8.496
3.662	8.594
3.662	8.594
3.691	8.691
3.721	8.691
3.706	8.691
3.721	8.789
3.735	8.838
3.779	8.838
3.765	8.838
3.779	8.936
3.809	9.131
3.838	9.131
3.867	9.277
3.926	9.180
3.882	9.326
3.882	9.521
3.911	9.473
3.926	9.326
3.940	9.473
3.970	9.521
3.999	9.619
3.999	9.766
4.028	9.570
4.028	9.619
4.043	9.766
4.043	9.814
4.072	9.766
4.072	9.766
4.102	9.717
4.087	9.961
4.131	10.059
4.160	10.059
4.160	10.059
4.233	10.352
4.204	10.254
4.233	10.107
4.233	10.254
4.263	10.254
4.277	10.400
4.292	10.400
4.336	10.352
4.351	10.449
4.336	10.449
4.336	10.303
4.351	10.547
4.395	10.596
4.409	10.791
4.424	10.840
4.438	10.693
4.438	10.840
4.453	10.742
4.497	10.889
4.482	10.937
4.512	10.742
4.512	10.986
4.526	10.937
4.556	10.986
4.570	10.937
4.585	10.937
4.600	11.035
4.600	11.084
4.644	11.035
4.658	11.230
4.658	11.182
4.687	11.182
4.687	11.328
4.702	11.377
4.731	11.230
4.731	11.133
4.731	11.328
4.761	11.328
4.790	11.328
4.805	11.523
4.805	11.328
4.863	11.475
4.849	11.426
4.893	11.523
4.922	11.426
4.893	11.572
4.922	11.572
4.922	11.621
4.951	11.426
4.951	11.572
4.980	11.572
4.980	11.621
4.995	11.816
5.039	11.621
5.024	11.768
5.068	11.719
5.054	11.670
5.083	11.816
5.127	11.816
5.127	11.914
5.142	11.963
5.156	11.963
5.171	12.061
5.186	11.865
5.200	12.061
5.229	11.963
5.229	12.256
5.259	12.061
5.288	12.207
5.303	12.012
5.303	12.109
5.317	12.256
5.347	12.207
5.347	12.207
5.361	12.256
5.361	11.963
5.391	12.207
5.405	12.305
5.405	12.207
5.464	12.158
5.479	11.914
5.508	12.305
5.522	12.305
5.522	12.354
5.508	12.402
5.537	12.305
5.566	12.549
5.625	12.598
5.581	12.549
5.625	12.549
5.640	12.598
5.654	12.549
5.669	12.549
5.684	12.354
5.698	12.598
5.728	12.598
5.742	12.695
5.728	12.744
5.786	12.549
5.771	12.598
5.801	12.744
5.815	12.695
5.830	12.646
5.874	12.646
5.859	12.549
5.874	12.793
5.903	12.744
5.918	12.842
5.947	12.744
5.947	13.184
5.962	12.793
5.977	12.793
5.991	12.891
6.035	12.891
6.021	12.939
6.064	12.939
6.094	12.891
6.108	12.988
6.108	13.086
6.123	12.988
6.123	12.988
6.167	12.988
6.167	13.135
6.211	13.330
6.196	13.086
6.211	12.988
6.240	13.135
6.255	13.086
6.255	13.086
6.284	12.988
6.299	13.184
6.313	13.184
6.387	13.232
6.357	13.184
6.357	13.281
6.372	13.037
6.401	13.086
6.372	13.379
6.460	13.135
6.475	13.330
6.475	13.232
6.489	13.232
6.489	13.330
6.519	13.135
6.577	13.477
6.577	13.330
6.562	13.330
6.592	13.477
6.606	13.525
6.636	13.379
6.650	13.428
6.621	13.379
6.724	13.477
6.694	13.525
6.768	13.379
6.738	13.623
6.768	13.574
6.782	13.379
6.782	13.574
6.826	13.623
6.826	13.721
6.870	13.672
6.841	13.672
6.870	13.672
6.870	13.672
6.914	13.721
6.914	13.525
6.943	13.770
6.958	13.574
6.973	13.818
6.987	13.818
7.017	13.818
7.031	13.818
7.046	13.867
7.104	13.965
7.090	13.867
7.104	13.818
7.148	14.111
7.134	13.916
7.178	13.965
7.178	13.916
7.192	13.867
7.207	13.867
7.236	14.209
7.251	14.111
7.236	14.014
7.266	14.111
7.310	14.111
7.310	13.672
7.324	13.916
7.354	14.111
7.368	14.014
7.368	14.014
7.397	14.209
7.427	14.160
7.441	14.160
7.456	14.209
7.441	14.453
7.485	14.258
7.500	14.258
7.529	14.307
7.559	14.404
7.573	14.600
7.603	14.404
7.603	14.258
7.588	14.355
7.632	14.209
7.646	14.502
7.690	14.502
7.705	14.697
7.676	14.551
7.720	14.502
7.734	14.502
7.749	14.453
7.778	14.697
7.793	14.600
7.808	14.648
7.866	14.697
7.881	14.648
7.866	14.697
7.866	14.697
7.910	14.795
7.910	14.697
7.954	14.844
7.998	14.893
7.998	14.893
7.998	14.795
8.013	14.551
8.042	14.893
8.071	14.844
8.071	14.893
8.086	14.941
8.101	14.844
8.130	14.844
8.145	14.844
8.174	14.941
8.174	15.039
8.203	15.039
8.218	15.186
8.232	15.039
8.247	15.186
8.306	15.137
8.291	15.137
8.306	15.137
8.320	15.137
8.335	15.234
8.335	15.283
8.394	15.234
8.394	15.137
8.437	15.137
8.437	15.430
8.467	15.283
8.467	15.234
8.467	15.430
8.511	15.381
8.525	15.527
8.555	15.625
8.569	15.332
8.599	15.527
8.599	15.625
8.628	15.625
8.657	15.625
8.657	15.674
8.687	15.576
8.701	15.625
8.701	15.723
8.730	15.771
8.760	15.820
8.760	15.820
8.789	15.869
8.804	15.820
8.818	15.723
8.848	15.771
8.892	15.918
8.862	15.918
8.921	15.967
8.921	16.113
8.950	15.820
8.950	16.064
8.965	16.016
8.994	16.113
8.994	15.967
9.038	15.967
9.067	16.113
9.053	16.260
9.097	16.113
9.097	16.162
9.126	16.211
9.126	16.016
9.170	16.455
9.185	16.357
9.214	16.406
9.185	16.504
9.243	16.553
9.258	16.455
9.272	16.602
9.302	16.650
9.302	16.553
9.331	16.455
9.331	16.650
9.404	16.602
9.404	16.699
9.434	16.748
9.448	16.748
9.463	16.504
9.478	16.650
9.478	16.797
9.521	16.650
9.521	16.797
9.551	16.895
9.551	16.992
9.565	16.943
9.609	16.943
9.624	17.187
9.639	17.090
9.653	17.090
9.683	17.041
9.712	17.187
9.697	17.139
9.771	17.187
9.741	17.187
9.756	17.236
9.785	17.187
9.829	17.236
9.829	17.139
9.829	17.187
9.858	17.334
9.888	17.041
9.902	17.187
9.932	17.187
9.932	17.334
9.961	17.236
9.976	17.334
10.005	17.187
10.020	17.383
9.990	17.432
10.063	17.383
10.078	17.529
10.078	17.578
10.122	17.480
10.137	17.627
10.166	17.773
10.166	17.773
10.181	17.773
10.210	17.871
10.254	17.920
10.239	17.725
10.254	17.676
10.298	17.773
10.298	17.920
10.298	18.018
10.342	18.066
10.371	17.969
10.356	18.066
10.386	18.164
10.386	18.164
10.430	18.213
10.430	18.213
10.444	18.359
10.488	18.311
10.503	18.311
10.518	18.506
10.562	18.408
10.562	18.506
10.591	18.555
10.620	18.555
10.605	18.555
10.635	18.555
10.649	18.652
10.649	18.701
10.679	18.701
10.693	18.799
10.723	18.896
10.737	18.896
10.752	18.701
10.781	18.799
10.796	18.848
10.796	18.945
10.840	18.994
10.854	18.994
10.884	19.141
10.884	19.043
10.913	19.336
10.913	19.092
10.942	19.189
10.972	19.238
11.001	19.092
11.001	19.238
11.016	19.287
11.045	19.238
11.060	19.531
11.060	19.580
11.104	19.385
11.118	19.482
11.118	19.580
11.118	19.482
11.147	19.580
11.177	19.482
11.221	19.678
11.235	19.678
11.250	19.824
11.279	19.824
11.265	19.873
11.309	19.775
11.323	19.873
11.367	19.971
11.367	19.971
11.367	19.971
11.382	19.922
11.411	20.020
11.440	20.020
11.455	20.117
11.411	20.117
11.440	20.312
11.499	20.264
11.514	20.264
11.543	19.971
11.572	20.361
11.572	20.459
11.616	20.557
11.646	20.508
11.646	20.605
11.660	20.312
11.689	20.508
11.704	20.605
11.719	20.654
11.733	20.703
11.748	20.752
11.792	20.801
11.807	20.801
11.821	20.801
11.836	20.801
11.851	20.947
11.865	20.947
11.895	21.045
11.909	20.996
11.938	20.898
11.982	21.045
11.968	21.094
12.012	21.289
11.997	21.240
12.026	21.191
12.041	21.338
12.070	21.289
12.070	21.240
12.070	21.484
12.144	21.338
12.158	21.191
12.129	21.533
12.217	21.631
12.217	21.582
12.217	21.338
12.246	21.582
12.275	21.680
12.290	21.631
12.319	21.777
12.334	21.777
12.319	21.875
12.378	21.875
12.407	21.826
12.378	22.119
12.378	22.168
12.422	22.119
12.451	22.119
12.480	22.021
12.495	22.314
12.510	22.217
12.510	22.461
12.554	22.266
12.554	22.266
12.612	22.412
12.612	22.314
12.656	22.705
12.627	22.412
12.671	22.461
12.671	22.607
12.729	22.607
12.686	22.754
12.729	22.656
12.759	22.705
12.788	22.852
12.803	22.705
12.832	22.900
12.832	23.047
12.876	23.096
12.891	23.047
12.905	23.047
12.935	23.096
12.949	23.193
12.993	23.193
12.979	23.291
13.008	23.242
13.008	23.340
13.066	23.340
13.052	23.291
13.081	23.340
13.096	23.437
13.081	23.389
13.154	23.535
13.169	23.389
13.198	23.584
13.213	23.486
13.213	23.486
13.257	23.682
13.271	23.584
13.286	23.633
13.315	23.584
13.330	23.682
13.345	23.779
13.374	10.596
13.403	9.326
13.389	10.156
13.418	10.352
13.447	10.547
13.433	10.693
13.491	10.937
13.521	10.840
13.579	11.035
13.550	11.328
13.564	11.279
13.594	11.475
13.608	11.377
13.594	11.572
13.623	11.768
13.652	11.914
13.682	11.963
13.711	11.914
13.696	12.109
13.770	12.061
13.770	12.207
13.857	12.207
13.813	12.354
13.799	12.549
13.857	12.598
13.872	12.598
13.887	12.744
13.916	12.793
13.931	13.037
13.945	12.744
13.975	12.939
13.989	13.037
14.019	13.184
14.048	13.232
14.048	13.281
14.062	13.379
14.106	13.574
14.092	13.525
14.136	13.477
14.165	13.721
14.180	13.721
14.194	13.818
14.224	14.062
14.238	13.916
14.268	14.209
14.297	14.062
14.297	13.965
14.326	14.111
14.355	14.355
14.414	14.307
14.385	14.355
14.399	14.502
14.429	14.648
14.458	14.502
14.458	14.648
14.487	14.893
14.517	14.844
14.546	14.893
14.546	14.893
14.575	14.502
14.575	14.111
14.619	14.160
14.634	13.965
14.678	14.355
14.678	14.551
14.663	14.355
14.722	14.648
14.751	14.551
14.766	14.648
14.795	14.600
14.795	14.746
14.824	14.600
14.824	14.844
14.868	14.746
14.839	14.893
14.897	14.941
14.927	14.893
14.941	15.234
14.971	15.332
14.971	15.381
15.073	15.332
15.029	15.479
15.088	15.332
15.103	15.576
15.103	15.479
15.103	15.479
15.132	15.771
15.132	15.771
15.176	16.016
15.176	15.771
15.220	16.016
15.234	16.064
15.264	16.016
15.278	16.064
15.293	16.162
15.337	16.113
15.322	16.211
15.366	16.211
15.381	16.309
15.381	16.357
15.381	16.406
15.425	16.357
15.454	16.699
15.483	16.602
15.469	16.211
15.527	16.602
15.513	16.553
15.557	16.650
15.586	16.553
15.601	16.650
15.615	16.846
15.659	16.846
15.659	16.699
15.674	16.846
15.688	17.187
15.718	17.041
15.718	17.139
15.762	17.139
15.776	17.139
15.791	17.236
15.835	17.383
15.835	17.383
15.879	17.432
15.894	17.480
15.908	17.578
15.923	17.676
15.952	17.822
15.952	17.627
15.981	17.773
15.967	17.676
16.025	17.529
16.069	17.822
16.084	17.920
16.084	17.773
16.113	18.115
16.143	17.969
16.157	18.018
16.216	18.164
16.172	18.213
16.260	18.408
16.230	18.408
16.289	18.359
16.289	18.604
16.304	18.506
16.348	18.652
16.348	18.604
16.362	18.555
16.392	18.652
16.406	18.652
16.479	18.652
16.450	18.652
16.479	18.750
16.494	18.750
16.523	18.604
16.509	18.799
16.582	17.725
16.582	17.432
16.597	17.529
16.611	17.676
16.582	18.066
16.655	17.676
16.685	18.262
16.714	18.457
16.758	18.164
16.743	18.408
16.772	18.164
16.758	18.555
16.816	18.652
16.846	18.652
16.831	18.701
16.875	18.799
16.890	18.994
16.919	18.945
16.934	19.092
16.963	19.189
16.978	19.336
16.963	19.336
17.021	19.238
17.007	19.336
17.080	19.434
17.080	19.287
17.109	19.434
17.124	19.678
17.139	19.775
17.168	19.531
17.212	19.824
17.227	19.775
17.227	19.873
17.256	19.922
17.256	19.922
17.285	19.922
17.329	20.020
17.358	19.971
17.358	20.068
17.373	20.312
17.373	20.312
17.388	20.312
17.417	20.020
17.476	20.117
17.461	20.508
17.505	20.410
17.534	20.557
17.534	20.508
17.563	20.752
17.578	20.801
17.593	20.801
17.637	20.752
17.651	20.654
17.651	20.801
17.651	20.752
17.710	20.801
17.710	20.947
17.739	21.240
17.783	21.094
17.783	21.289
17.812	21.094
17.842	21.143
17.856	20.996
17.886	21.094
17.900	21.143
17.930	21.191
17.944	21.289
17.930	21.338
17.974	21.338
17.974	21.387
18.047	21.436
18.047	21.436
18.105	21.484
18.105	21.484
18.120	21.582
18.135	21.582
18.179	21.875
18.179	21.777
18.208	21.875
18.223	21.875
18.311	21.924
18.267	21.826
18.311	21.924
18.296	22.021
18.296	22.168
18.384	22.119
18.398	22.412
18.398	22.217
18.413	22.363
18.442	22.510
18.457	22.510
18.486	22.607
18.501	22.607
18.516	22.461
18.530	22.656
18.604	22.656
18.589	22.656
18.662	22.852
18.618	22.803
18.662	22.852
18.662	22.852
18.750	23.047
18.721	22.998
18.735	23.096
18.765	22.998
18.779	23.047
18.809	23.047
18.853	23.145
18.853	23.242
18.896	22.949
18.896	22.949
18.896	22.949
18.911	23.145
18.911	23.145
18.984	23.145
18.940	23.193
19.043	23.242
19.058	23.389
19.087	23.486
19.087	23.486
19.116	23.535
19.131	23.535
19.160	23.584
19.189	23.730
19.175	23.584
19.219	23.779
19.233	23.877
19.263	23.926
19.321	23.779
19.292	23.975
19.336	23.828
19.351	23.975
19.336	23.828
19.438	23.779
19.395	23.682
19.438	23.926
19.438	23.926
19.482	23.828
19.512	23.926
19.526	23.926
19.556	24.121
19.556	23.975
19.629	24.121
19.614	24.023
19.644	23.828
19.658	24.023
19.687	24.072
19.717	24.365
19.731	24.121
19.731	24.268
19.761	24.414
19.775	24.512
19.819	24.561
19.834	24.512
19.863	24.512
19.878	24.561
19.878	24.658
19.937	24.658
19.966	24.658
19.966	24.707
19.951	24.756
20.054	24.756
19.995	24.854
20.054	24.902
20.068	24.951
20.083	25.098
20.112	25.195
20.156	25.244
20.171	25.244
20.200	25.244
20.244	25.342
20.215	25.488
20.229	25.439
20.273	25.439
20.317	25.439
20.317	25.439
20.332	25.488
20.376	25.537
20.391	25.781
20.420	25.732
20.435	25.732
20.449	25.635
20.522	25.684
20.508	26.025
20.537	25.830
20.566	25.830
20.581	25.781
20.610	25.879
20.625	26.172
20.654	25.781
20.654	26.025
20.684	25.928
20.698	25.977
20.742	26.123
20.757	25.928
20.786	25.977
20.815	26.074
20.830	26.123
20.845	25.928
20.903	26.172
20.874	26.074
20.918	25.977
20.933	26.367
20.977	26.123
20.977	26.367
21.021	26.318
21.035	26.172
21.021	26.123
21.079	26.270
21.108	26.123
21.108	26.221
21.123	26.367
21.182	26.318
21.196	26.562
21.196	26.562
21.226	26.562
21.313	26.514
21.299	26.758
21.313	26.855
21.343	26.953
21.343	27.051
21.372	27.295
21.387	27.100
21.431	26.904
21.445	27.002
21.475	27.002
21.475	26.904
21.519	27.002
21.533	27.197
21.548	27.246
21.533	27.197
21.606	27.344
21.636	27.393
21.636	27.148
21.665	27.490
21.694	27.441
21.724	27.344
21.724	27.637
21.753	27.588
21.782	27.344
21.797	27.686
21.855	27.734
21.841	27.441
21.929	27.637
21.885	27.686
21.929	27.734
21.929	27.979
21.958	27.930
21.987	27.783
22.002	28.076
22.075	28.027
22.061	28.125
22.090	28.076
22.119	28.125
22.148	28.027
22.163	28.320
22.192	28.174
22.222	28.223
22.251	28.271
22.266	28.369
22.280	28.418
22.266	28.516
22.324	28.418
22.383	28.564
22.383	28.613
22.412	28.613
22.441	28.857
22.441	28.564
22.456	28.760
22.485	28.711
22.529	28.564
22.559	28.564
22.588	28.223
22.603	28.418
22.603	28.467
22.646	28.467
22.661	28.613
22.661	28.711
22.690	28.809
22.720	28.906
22.749	28.906
22.778	29.150
22.837	29.053
22.837	29.248
22.822	29.150
22.822	29.102
22.881	29.102
22.939	29.199
22.939	29.150
22.969	29.199
22.969	28.906
22.983	29.199
23.013	29.346
23.027	29.443
23.071	29.346
23.101	29.150
23.130	28.760
23.159	28.955
23.203	28.955
23.203	29.053
23.218	29.199
23.247	29.199
23.276	29.492
23.306	29.297
23.306	29.541
23.335	29.639
23.350	29.785
23.394	29.639
23.408	29.980
23.423	30.029
23.496	30.029
23.525	30.127
23.496	30.225
23.540	30.273
23.496	30.371
23.569	29.932
23.613	29.590
23.628	29.590
23.643	29.736
23.672	29.687
23.687	29.980
23.672	30.078
23.745	30.127
23.789	30.029
23.789	30.225
23.818	30.420
23.848	30.518
23.848	30.518
23.906	30.811
23.892	30.762
23.936	30.859
23.950	30.859
23.979	30.615
23.994	30.664
24.023	30.615
24.053	30.420
24.067	30.664
24.097	30.908
24.126	30.762
24.141	31.006
24.199	30.762
24.199	30.713
24.214	30.859
24.243	31.055
24.272	30.957
24.287	30.762
24.302	30.859
24.316	30.859
24.375	30.859
24.448	31.006
24.390	31.348
24.448	31.006
24.448	31.055
24.448	31.201
24.492	31.250
24.507	31.348
24.580	31.299
24.580	31.348
24.609	31.299
24.595	31.152
24.639	30.957
24.683	31.201
24.697	31.299
24.712	31.201
24.771	31.299
24.771	31.396
24.785	31.348
24.814	31.445
24.844	30.371
24.814	27.100
24.902	11.377
24.902	-0.977
24.932	-0.098
24.976	0.000
24.961	0.000
25.005	0.049
25.034	-0.098
25.063	0.098
25.107	0.049
25.107	0.049
25.122	-0.146
25.151	0.146
25.195	0.146
25.195	0.146
25.225	0.098
25.254	0.098
25.239	0.049
25.298	-0.098
25.327	0.000
25.327	0.000
25.371	-0.146
25.400	0.000
25.400	0.244
25.444	0.098
25.459	0.000
25.488	0.146
25.532	0.000
25.532	0.146
25.562	-0.049
25.591	0.342
25.635	-0.049
25.635	0.146
25.664	-0.098
25.693	0.000
25.723	-0.098
25.723	0.049
25.752	0.195
25.781	-0.049
25.796	-0.098
25.884	-0.098
25.869	0.293
25.869	0.049
25.854	-0.244
25.957	0.146
25.884	0.098
25.972	0.000
26.001	-0.049
26.030	-0.098
26.045	-0.195
26.074	-0.195
26.104	-0.049
26.133	0.049
26.147	-0.098
26.177	-0.244
26.221	0.049
26.235	0.244
26.250	0.000
26.250	0.000
26.294	0.000
26.323	0.244
26.338	0.098
26.367	0.195
26.396	-0.049
26.411	0.049
26.455	0.000
26.484	-0.098
26.484	0.195
26.499	0.000
26.543	0.049
26.572	-0.146
26.587	-0.098
26.616	0.146
26.646	0.146
26.675	0.098
26.704	-0.098
26.719	0.195
26.719	0.049
26.763	0.098
26.777	0.049
26.807	0.195
26.836	-0.049
26.851	-0.195
26.880	-0.049
26.953	0.049
26.938	0.000
26.938	0.098
26.968	0.049
26.997	-0.049
27.041	0.098
27.056	0.098
27.085	0.000
27.129	0.000
27.144	0.000
27.158	-0.146
27.173	-0.195
27.202	-0.098
27.231	0.098
27.261	0.098
27.275	0.146
27.305	0.000
27.305	0.098
27.363	0.000
27.378	-0.098
27.407	0.049
27.437	0.098
27.466	-0.195
27.480	0.049
27.510	0.098
27.524	-0.049
27.568	-0.049
27.598	-0.098
27.612	0.098
27.627	0.049
27.715	0.098
27.700	0.146
27.700	0.098
27.700	-0.146
27.715	0.195
27.729	-0.098
27.715	-0.049
27.729	0.098
27.715	-0.049
27.686	0.098
27.715	-0.049
27.686	0.000
27.583	-0.195
27.451	-0.146
27.319	0.146
27.202	0.000
26.968	0.195
26.792	0.000
26.587	0.049
26.382	0.098
26.147	-0.049
25.898	0.049
25.635	0.098
25.371	-0.146
25.063	-0.049
24.756	-0.195
24.346	-0.195
24.023	0.000
23.657	0.000
23.291	0.098
22.896	-0.146
22.485	0.146
22.061	0.146
21.621	-0.049
21.167	0.000
20.698	0.195
20.200	0.293
19.702	-0.049
19.189	-0.049
18.647	0.098
18.018	-0.049
17.461	-0.049
16.875	-0.049
16.304	-0.049
15.659	0.049
15.073	-0.049
14.399	-0.049
13.755	0.098
13.081	-0.146
12.422	-0.244
11.792	0.098
11.016	0.049
10.444	0.098
9.844	0.098
9.287	-0.049
8.730	0.098
8.188	0.000
7.603	0.000
7.192	0.098
6.665	0.146
6.079	0.000
5.654	0.098
5.200	0.146
4.717	-0.098
4.321	-0.098
3.911	0.049
3.545	0.098
3.164	-0.146
2.754	-0.049
2.417	-0.049
2.080	-0.098
1.787	0.049
1.494	0.098
1.201	0.293
0.952	-0.049
0.703	0.342
0.425	0.195
0.234	-0.049
0.029	-0.098
0.044	0.146
0.044	-0.049
0.029	0.000
0.029	0.146
0.029	0.049
0.044	0.146
0.044	0.195
0.059	0.049
0.044	-0.146
0.029	0.049
0.073	-0.049
0.029	-0.049
0.059	0.146
0.029	0.146
0.029	0.000
0.029	0.000
0.044	0.000
0.073	0.049
0.044	-0.098
0.059	-0.195
0.015	-0.146
0.059	-0.146
0.044	0.049
0.088	0.098
0.044	0.098
0.044	0.049
0.015	0.098
0.044	0.049
0.029	0.098
0.044	0.195
0.029	-0.098
0.044	0.000
0.000	0.000
0.044	0.195
0.044	-0.049
0.029	-0.195
0.029	-0.049
0.044	-0.098
0.044	0.049
0.044	0.195
0.029	-0.098
0.044	0.098
0.029	-0.146
0.044	0.000
0.059	-0.146
0.044	0.098
0.029	0.049
0.059	-0.049
0.029	-0.146
0.029	-0.195
0.044	-0.049
0.029	-0.098
0.029	0.098
0.059	0.000
0.015	0.049
0.044	-0.098
0.059	-0.049
0.029	-0.049
0.029	-0.098
0.029	-0.342
0.029	0.000
0.029	0.000
0.029	0.098
0.044	0.098
0.044	-0.146
0.059	0.098
0.029	0.049
0.044	0.098
0.044	0.098
0.044	-0.146
0.044	0.195
0.044	-0.049
0.044	0.000
0.029	0.098
0.044	-0.195
0.029	-0.049
0.029	-0.049
0.029	0.000
0.059	0.098
0.029	-0.049
0.073	0.146
0.015	0.000
0.073	0.098
0.044	-0.049
0.029	0.049
0.015	-0.146
0.029	0.000
0.029	-0.049
0.029	-0.049
0.029	-0.049
0.029	-0.049
0.059	0.000
0.044	-0.049
0.044	0.000
0.044	0.000
0.015	0.098
0.044	-0.049
0.044	-0.049
0.044	-0.146
0.029	0.049
0.029	0.000
0.015	0.049
0.029	0.098
0.029	-0.049
0.044	0.098
0.029	-0.049
0.044	0.098
0.029	0.098
0.044	0.000
0.044	0.098
0.044	0.049
0.059	0.098
0.044	0.049
0.044	0.098
0.029	-0.098
0.029	-0.098
0.044	0.049
0.044	0.098
0.015	0.146
0.044	0.000
0.044	0.146
0.029	-0.049
0.044	0.000
0.073	-0.195
0.029	-0.049
0.044	-0.049
0.044	0.049
0.029	0.000
0.029	0.195
0.044	-0.244
0.029	0.000
0.044	0.000
0.000	-0.049
0.015	-0.049
0.029	-0.098
0.029	0.049
0.044	0.000
0.015	-0.146
0.029	-0.146
0.029	-0.098
0.059	0.049
0.029	-0.244
0.044	0.000
0.029	0.098
0.029	0.000
0.044	0.049
0.029	0.049
0.015	0.049
0.029	0.098
0.073	0.000
0.044	-0.244
0.059	0.049
0.000	-0.146
0.044	0.293
0.044	-0.195
0.059	0.000
0.044	0.195
0.029	0.000
0.059	0.098
0.029	-0.049
0.029	0.049
0.029	0.000
0.044	0.000
0.073	0.000
0.029	-0.049
0.029	-0.098
0.044	0.146
0.029	-0.146
0.073	-0.049
0.044	-0.146
0.044	-0.049
0.044	0.049
0.044	-0.049
0.029	-0.049
0.044	0.146
0.029	0.049
0.044	0.000
0.044	0.000
0.044	0.098
0.044	0.146
0.044	-0.049
0.044	-0.049
0.044	0.049
0.044	-0.049
0.029	0.049
0.088	-0.049
0.044	0.000
0.044	0.195
0.015	0.000
0.029	0.098
0.059	0.049
0.015	-0.146
0.029	-0.049
0.029	0.000
0.044	0.049
0.044	0.195
0.029	-0.049
0.044	-0.146
0.044	0.098
0.015	0.195
0.044	-0.049
0.044	0.195
0.044	-0.049
0.044	0.049
0.044	0.098
0.015	-0.098
0.029	0.098
0.059	0.098
0.029	0.049
0.029	0.000
0.015	-0.146
0.029	0.000
0.029	-0.098
0.059	-0.049
0.059	-0.195
0.029	0.146
0.015	-0.049
0.044	0.000
0.044	0.000
0.015	-0.049
0.029	-0.098
0.044	0.000
0.059	0.146
0.044	0.000
0.015	0.049
0.015	0.000
0.044	0.000
0.029	0.000
0.029	0.049
0.029	0.000
0.044	-0.098
0.029	-0.049
0.044	-0.049
0.044	0.000
0.029	0.000
0.059	-0.146
0.015	0.098
0.015	0.098
0.044	-0.098
0.044	-0.244
0.044	-0.195
0.029	0.000
0.029	-0.049
0.044	0.049
0.029	-0.049
0.044	0.000
0.029	0.146
0.015	0.146
0.044	0.098
0.044	0.146
0.044	0.049
0.029	0.000
0.029	-0.049
0.059	-0.098
0.044	-0.049
0.073	0.049
0.088	0.000
0.132	-0.049
0.220	-0.049
0.264	-0.146
0.366	-0.098
0.469	-0.049
0.571	-0.049
0.674	-0.049
0.864	-0.049
0.967	0.000
1.143	0.000
1.304	-0.049
1.494	0.049
1.655	0.000
1.890	0.000
2.051	-0.049
2.344	-0.049
2.593	0.049
2.842	-0.049
3.164	-0.098
3.384	0.049
3.721	-0.098
3.984	0.049
4.351	0.293
4.629	0.146
5.024	0.049
5.361	0.000
5.771	0.000
6.094	0.146
6.562	0.098
6.973	0.391
7.002	1.025
7.017	1.221
7.002	1.074
7.002	0.879
7.017	0.684
7.061	0.928
7.017	0.830
7.017	0.830
7.002	0.928
6.987	0.781
7.017	0.830
6.943	0.879
7.002	0.781
7.017	0.928
6.987	0.830
7.002	0.781
6.987	0.781
7.002	0.781
6.987	0.684
7.002	0.732
7.002	0.732
6.973	0.635
6.987	0.830
7.002	0.732
7.002	0.684
7.017	0.684
7.017	0.488
7.017	0.488
7.017	0.732
7.046	0.684
7.002	0.781
7.002	0.781
7.002	0.635
7.002	0.684
7.002	0.635
6.973	0.635
7.031	0.586
7.002	0.537
7.017	0.684
7.017	0.195
7.002	0.488
7.017	0.635
7.002	0.537
7.017	0.635
7.017	0.732
7.002	0.684
7.002	0.586
7.002	0.684
6.987	0.732
7.002	0.732
7.002	0.635
7.017	0.586
7.002	0.732
7.002	0.586
6.987	0.586
7.002	0.732
6.987	0.439
7.017	0.635
7.002	0.781
6.987	0.635
6.987	0.537
7.002	0.391
7.017	0.732
7.017	0.635
7.002	0.391
7.002	0.586
7.002	0.732
7.002	0.684
7.002	0.635
7.017	0.684
7.061	0.586
7.075	0.439
7.104	0.684
7.090	0.732
7.163	0.635
7.207	0.732
7.236	0.830
7.251	0.879
7.266	0.879
7.280	0.879
7.339	0.879
7.397	0.928
7.412	0.928
7.427	0.928
7.441	1.172
7.471	1.416
7.515	1.318
7.515	1.123
7.559	1.562
7.617	1.465
7.603	1.465
7.632	1.465
7.661	1.416
7.705	1.416
7.749	1.562
7.764	1.514
7.778	1.562
7.822	1.758
7.837	1.807
7.881	1.807
7.896	1.318
7.939	1.904
7.998	1.709
8.013	1.758
8.042	1.709
8.071	1.611
8.086	1.904
8.130	1.807
8.130	1.758
8.174	1.953
8.188	1.758
8.218	1.709
8.247	1.807
8.276	1.904
8.306	1.904
8.364	1.855
8.364	2.197
8.394	2.100
8.423	1.953
8.452	2.002
8.496	2.051
8.511	2.100
8.540	2.051
8.584	2.148
8.599	2.051
8.657	1.953
8.657	2.100
8.687	2.441
8.687	2.246
8.760	2.295
8.760	2.246
8.789	1.709
8.862	1.074
8.862	1.221
8.892	1.025
8.921	1.270
8.965	1.172
8.979	1.318
8.994	1.270
9.038	1.514
9.097	1.367
9.097	1.416
9.126	1.562
9.155	1.367
9.199	1.514
9.199	1.562
9.229	1.611
9.272	1.367
9.316	1.660
9.346	1.855
9.360	1.660
9.375	1.709
9.404	1.953
9.434	1.953
9.492	1.904
9.492	1.953
9.536	2.197
9.551	2.148
9.580	2.295
9.609	2.197
9.683	2.393
9.683	2.441
9.712	2.588
9.741	2.539
9.741	2.539
9.800	2.637
9.814	2.686
9.888	2.832
9.873	2.881
9.902	2.881
9.946	3.027
9.976	3.320
9.990	3.174
10.063	3.223
10.049	3.320
10.078	3.271
10.107	3.564
10.137	3.564
10.166	3.516
10.181	3.711
10.239	3.662
10.254	3.857
10.269	3.955
10.312	4.004
10.386	4.053
10.386	4.248
10.400	4.102
10.386	4.248
10.488	4.150
10.488	4.492
10.518	4.346
10.518	4.687
10.576	4.736
10.605	4.687
10.620	4.541
10.664	4.639
10.708	5.273
10.737	4.932
10.752	5.029
10.796	5.078
10.811	5.176
10.854	5.176
10.869	5.127
10.913	5.371
10.884	5.371
10.972	5.518
10.986	5.615
11.030	5.615
11.060	5.664
11.089	5.908
11.133	6.006
11.133	5.859
11.206	6.104
11.206	6.006
11.206	6.104
11.279	6.104
11.294	6.152
11.323	6.299
11.382	6.250
11.367	6.445
11.411	6.445
11.440	6.689
11.484	6.543
11.484	6.592
11.528	6.738
11.572	6.689
11.587	6.738
11.602	6.738
11.704	6.885
11.660	6.885
11.704	6.982
11.733	7.031
11.763	7.031
11.792	6.934
11.792	7.080
11.865	7.031
11.880	7.031
11.909	7.373
11.938	7.324
11.938	7.275
11.997	7.373
12.026	7.471
12.070	7.568
12.085	7.617
12.114	7.520
12.129	8.008
12.158	7.568
12.202	7.715
12.246	7.910
12.290	7.812
12.305	8.008
12.334	8.105
12.349	8.154
12.393	8.105
12.437	8.252
12.451	8.301
12.510	8.301
12.495	8.057
12.539	8.398
12.554	8.350
12.568	8.350
12.627	8.594
12.656	8.643
12.686	8.398
12.729	8.643
12.744	8.691
12.759	8.789
12.803	8.789
12.832	9.033
12.847	8.887
12.891	9.033
12.949	8.838
12.979	8.984
13.022	9.033
13.022	9.082
13.008	8.984
13.081	8.984
13.125	9.180
13.110	9.277
13.169	9.326
13.184	9.424
13.213	9.375
13.242	9.326
13.301	9.570
13.330	9.570
13.359	9.619
13.389	9.570
13.389	9.619
13.447	9.814
13.477	9.717
13.521	9.814
13.535	10.010
13.579	10.059
13.594	10.059
13.623	10.059
13.652	10.107
13.682	10.107
13.711	10.254
13.755	10.107
13.770	10.303
13.799	10.400
13.784	10.547
13.872	10.449
13.901	10.449
13.916	10.449
13.960	10.400
13.975	10.693
14.019	10.693
14.048	10.742
14.092	10.791
14.121	10.889
14.136	10.498
14.180	10.889
14.194	11.035
14.224	11.035
14.253	11.084
14.282	11.182
14.297	11.279
14.385	11.182
14.385	11.279
14.414	11.377
14.429	11.426
14.473	11.426
14.517	11.475
14.531	11.230
14.546	11.621
14.546	11.523
14.604	11.768
14.648	11.670
14.663	11.865
14.707	11.719
14.736	11.963
14.736	12.109
14.810	12.158
14.810	12.158
14.868	12.158
14.912	12.256
14.927	12.256
14.956	12.354
15.000	12.305
15.029	12.354
15.059	12.549
15.073	12.451
15.103	12.744
15.146	12.744
15.190	12.793
15.205	12.695
15.234	12.842
15.249	13.135
15.293	12.939
15.308	13.086
15.337	13.135
15.396	13.184
15.425	13.330
15.439	13.330
15.513	13.281
15.557	13.428
15.542	13.281
15.571	13.477
15.601	13.477
15.630	13.574
15.674	13.428
15.703	13.525
15.732	13.770
15.762	14.014
15.791	13.867
15.776	13.965
15.835	14.062
15.894	13.867
15.923	13.916
15.937	14.160
15.981	14.355
15.996	14.160
16.040	14.355
16.069	14.307
16.099	14.551
16.128	14.746
16.157	14.502
16.172	14.697
16.230	14.648
16.260	14.795
16.274	14.600
16.318	14.893
16.304	14.990
16.392	14.990
16.406	15.137
16.436	15.381
16.465	15.332
16.523	15.479
16.538	15.381
16.597	15.430
16.597	15.430
16.655	15.430
16.670	15.527
16.714	15.674
16.714	15.723
16.743	15.820
16.787	15.869
16.802	15.918
16.831	15.918
16.875	15.967
16.890	16.064
16.934	15.967
16.978	16.211
16.992	16.113
16.992	16.260
17.051	16.309
17.109	16.504
17.139	16.455
17.168	16.357
17.153	16.650
17.227	16.797
17.256	16.504
17.271	17.139
17.329	16.846
17.329	16.992
17.388	17.090
17.417	17.139
17.446	17.236
17.432	17.334
17.505	17.334
17.520	17.187
17.549	17.627
17.563	17.676
17.622	17.627
17.651	17.627
17.695	17.578
17.725	17.773
17.725	17.676
17.769	18.115
17.827	17.969
17.842	17.920
17.871	18.018
17.915	18.262
17.944	18.311
17.959	18.311
18.003	18.457
18.091	18.506
18.062	18.555
18.105	18.799
18.135	18.896
18.149	18.750
18.179	18.848
18.208	19.092
18.267	19.092
18.281	19.141
18.325	19.189
18.354	19.287
18.384	19.385
18.398	19.434
18.457	19.580
18.486	19.824
18.501	19.727
18.545	19.824
18.589	19.678
18.589	19.824
18.647	20.020
18.677	20.020
18.691	19.971
18.765	20.020
18.750	20.312
18.794	20.361
18.823	20.410
18.867	20.410
18.896	20.605
18.896	20.557
18.955	20.752
18.984	20.703
18.999	20.752
19.058	20.801
19.072	21.045
19.116	21.045
19.131	21.143
19.160	21.338
19.189	21.289
19.189	21.484
19.307	21.387
19.321	21.875
19.321	21.826
19.395	21.680
19.395	21.680
19.409	22.021
19.468	22.266
19.497	21.924
19.526	22.070
19.570	22.266
19.585	22.266
19.629	22.461
19.658	22.461
19.673	22.510
19.717	22.705
19.731	22.705
19.775	22.754
19.805	22.852
19.834	22.900
19.863	23.047
19.907	22.998
19.922	23.047
19.980	23.389
20.010	23.340
20.024	23.486
20.068	23.584
20.098	23.877
20.127	23.779
20.156	23.828
20.200	23.926
20.229	23.975
20.244	24.072
20.288	24.219
20.347	24.268
20.361	24.268
20.449	24.219
20.391	24.561
20.449	25.000
20.479	24.609
20.493	24.756
20.552	24.902
20.581	25.000
20.610	25.049
20.654	25.244
20.654	25.244
20.698	25.488
20.742	25.391
20.771	25.293
20.801	25.488
20.830	25.684
20.845	25.732
20.903	25.879
20.933	25.977
20.977	26.025
20.991	26.172
21.035	26.074
21.050	25.195
21.079	24.854
21.108	25.000
21.152	25.146
21.167	25.195
21.226	25.342
21.211	25.439
21.270	25.635
21.328	25.684
21.343	25.830
21.372	26.025
21.416	25.879
21.445	25.928
21.489	26.074
21.562	26.025
21.548	26.270
21.562	26.123
21.606	26.123
21.665	26.465
21.680	26.221
21.680	26.074
21.738	26.318
21.782	26.514
21.782	26.562
21.841	26.562
21.841	26.514
21.899	26.660
21.914	26.855
21.973	26.953
21.987	27.002
22.031	27.100
22.119	27.100
22.104	27.197
22.134	27.197
22.148	27.051
22.192	27.148
22.222	27.197
22.236	27.441
22.280	27.246
22.324	27.441
22.339	27.686
22.383	27.393
22.427	27.686
22.456	27.490
22.515	27.637
22.515	27.686
22.544	27.832
22.573	28.076
22.588	27.930
22.661	27.979
22.676	27.979
22.705	28.125
22.749	28.174
22.778	28.125
22.822	28.125
22.852	27.979
22.881	28.516
22.925	28.271
22.954	28.369
22.969	28.516
23.027	28.711
23.027	28.809
23.071	28.662
23.086	28.906
23.130	28.906
23.159	28.955
23.203	29.199
23.232	29.541
23.291	29.199
23.320	29.150
23.350	29.443
23.364	29.102
23.408	29.346
23.423	29.395
23.467	29.443
23.511	29.492
23.540	29.541
23.599	29.443
23.613	29.590
23.628	29.834
23.643	29.883
23.687	29.834
23.730	29.980
23.804	30.078
23.789	30.127
23.833	30.225
23.877	30.176
23.892	30.029
24.009	30.273
23.965	30.371
23.994	30.420
24.038	30.664
24.053	30.859
24.097	30.713
24.141	30.713
24.170	30.811
24.199	30.762
24.243	30.957
24.258	30.908
24.302	30.908
24.331	31.104
24.360	31.152
24.404	31.201
24.434	31.201
24.463	31.348
24.507	31.348
24.478	31.396
24.536	31.445
24.609	31.641
24.624	31.689
24.668	31.836
24.683	31.982
24.727	31.934
24.756	31.836
24.785	32.080
24.829	32.129
24.844	32.324
24.902	32.227
24.932	32.324
24.961	32.373
25.005	32.275
25.020	32.520
25.078	32.227
25.093	32.568
25.151	32.520
25.107	32.764
25.210	32.812
25.225	32.861
25.269	33.057
25.283	33.008
25.327	33.008
25.356	33.154
25.371	33.252
25.430	33.203
25.444	33.252
25.488	33.057
25.532	33.398
25.576	33.447
25.576	33.350
25.620	33.398
25.649	33.643
25.693	33.594
25.723	33.740
25.767	33.887
25.796	33.789
25.811	34.082
25.869	33.936
25.898	34.131
25.928	34.277
25.942	34.180
26.001	33.887
26.016	34.424
26.001	34.521
26.118	34.375
26.147	34.326
26.162	34.619
26.221	34.570
26.221	34.619
26.279	34.619
26.309	34.717
26.338	34.717
26.367	34.814
26.396	34.766
26.470	34.717
26.470	35.107
26.484	35.107
26.514	35.156
26.572	35.156
26.602	35.303
26.616	35.156
26.689	35.205
26.704	35.400
26.733	35.400
26.777	35.400
26.807	35.547
26.851	35.791
26.865	35.498
26.895	35.840
26.953	35.547
26.982	35.889
26.997	35.840
27.041	35.791
27.041	18.994
27.100	-0.732
27.173	0.000
27.158	0.000
27.202	0.146
27.261	0.098
27.261	-0.049
27.305	0.000
27.334	0.000
27.378	0.195
27.422	0.000
27.451	-0.146
27.422	-0.049
27.510	-0.146
27.583	0.391
27.568	0.049
27.598	0.000
27.656	0.195
27.671	0.000
27.700	-0.049
27.744	-0.293
27.773	-0.049
27.803	-0.049
27.861	0.049
27.861	0.049
27.891	0.195
27.935	-0.195
27.979	0.146
28.081	-0.146
28.022	-0.049
28.066	-0.049
28.110	-0.098
28.154	0.000
28.169	-0.049
28.213	0.000
28.257	0.000
28.286	0.000
28.315	-0.098
28.359	0.049
28.433	-0.146
28.418	0.049
28.447	-0.293
28.491	0.146
28.535	0.195
28.521	0.049
28.506	-0.049
28.491	0.098
28.521	0.049
28.506	0.000
28.521	0.146
28.521	0.000
28.521	0.098
28.521	0.098
28.521	0.049
28.521	0.000
28.521	0.049
28.506	-0.098
28.521	0.000
28.521	-0.098
28.550	0.000
28.535	-0.195
28.521	0.098
28.521	0.049
28.477	-0.049
28.550	0.049
28.521	-0.098
28.521	0.000
28.521	0.000
28.506	-0.049
28.491	0.098
28.521	-0.049
28.535	0.146
28.521	-0.098
28.521	0.146
28.506	0.000
28.506	-0.049
