0.029	0.146
0.073	0.098
0.044	0.293
0.044	0.342
0.029	0.195
0.044	0.195
0.044	0.146
0.029	0.098
0.044	0.195
0.029	0.293
0.029	0.293
0.044	0.244
0.059	0.146
0.088	0.244
0.073	0.098
0.088	0.146
0.103	0.146
0.132	0.098
0.103	0.342
0.146	0.146
0.146	0.293
0.161	0.342
0.176	0.146
0.190	0.293
0.234	0.342
0.205	0.342
0.234	0.342
0.249	0.391
0.234	0.391
0.264	0.146
0.264	0.391
0.293	0.342
0.293	0.391
0.308	0.439
0.366	0.391
0.352	0.342
0.352	0.391
0.381	0.439
0.410	0.586
0.425	0.586
0.439	0.635
0.469	0.635
0.454	0.488
0.483	0.635
0.483	0.635
0.513	0.439
0.513	0.830
0.542	0.586
0.542	0.488
0.571	0.439
0.586	0.684
0.586	0.439
0.615	0.586
0.630	0.684
0.659	0.830
0.645	0.977
0.674	0.928
0.659	0.830
0.688	0.928
0.688	0.928
0.703	0.830
0.688	1.123
0.747	1.123
0.776	0.928
0.762	1.172
0.776	1.074
0.864	1.221
0.835	1.367
0.850	1.270
0.879	1.172
0.879	1.221
0.908	1.221
0.894	1.270
0.923	1.562
0.937	1.416
0.937	1.465
0.952	1.514
1.011	1.465
0.996	1.514
0.996	1.562
1.025	1.514
1.025	1.562
1.055	1.611
1.040	1.660
1.084	1.807
1.099	1.758
1.113	1.660
1.113	1.855
1.172	1.807
1.172	1.904
1.157	2.002
1.187	2.002
1.187	1.953
1.216	1.953
1.260	2.002
1.245	2.002
1.260	2.148
1.289	2.344
1.289	2.246
1.318	2.344
1.318	2.148
1.333	2.246
1.333	2.148
1.377	2.148
1.348	2.344
1.406	2.246
1.450	2.393
1.406	2.441
1.450	2.490
1.465	2.246
1.465	2.637
1.509	2.588
1.523	2.637
1.523	2.686
1.553	2.686
1.553	2.979
1.582	2.734
1.582	2.734
1.626	2.734
1.611	2.930
1.626	3.027
1.655	3.076
1.670	2.979
1.699	3.125
1.699	3.125
1.714	3.223
1.772	3.174
1.772	3.174
1.787	3.369
1.772	3.320
1.802	3.418
1.831	3.320
1.860	3.516
1.860	3.564
1.860	3.369
1.875	3.564
1.919	3.564
1.919	3.711
1.934	3.857
1.919	3.662
1.992	3.760
1.992	4.053
2.007	3.711
2.021	3.906
2.021	3.760
2.051	3.906
2.036	3.906
2.051	3.857
2.109	4.053
2.095	4.297
2.109	3.955
2.124	4.053
2.139	4.297
2.183	4.199
2.183	4.346
2.168	4.248
2.197	4.346
2.227	4.346
2.227	4.395
2.241	4.639
2.271	4.541
2.271	4.150
2.256	4.590
2.300	4.590
2.344	4.541
2.329	4.541
2.358	4.883
2.373	4.687
2.388	4.687
2.432	4.736
2.402	4.736
2.432	4.736
2.432	4.785
2.490	4.785
2.505	4.834
2.476	5.029
2.520	4.980
2.549	4.980
2.520	5.127
2.549	4.932
2.563	5.029
2.563	5.127
2.578	5.127
2.607	5.273
2.651	5.225
2.622	5.322
2.651	5.371
2.607	5.127
2.666	5.273
2.695	5.273
2.725	5.518
2.725	5.615
2.754	5.322
2.739	5.664
2.754	5.566
2.812	5.420
2.812	5.713
2.798	5.664
2.812	5.664
2.871	5.713
2.915	5.322
2.856	5.713
2.900	5.957
2.930	5.908
2.915	5.859
2.944	5.811
2.944	5.713
2.959	5.713
2.974	5.811
2.974	5.908
2.988	5.908
3.018	5.908
3.076	5.908
3.076	6.152
3.091	6.006
3.091	6.055
3.120	6.152
3.135	6.592
3.164	6.250
3.179	6.152
3.193	6.006
3.179	6.494
3.164	6.201
3.237	6.348
3.252	6.152
3.252	6.445
3.267	6.348
3.311	6.445
3.296	6.494
3.354	6.445
3.311	6.592
3.398	6.348
3.398	6.494
3.384	6.543
3.384	6.592
3.428	6.543
3.442	6.738
3.442	6.689
3.472	6.836
3.457	6.689
3.486	6.641
3.516	6.787
3.530	6.689
3.560	6.787
3.560	6.689
3.589	6.885
3.589	6.592
3.604	6.934
3.604	7.080
3.647	6.787
3.662	7.080
3.691	6.885
3.706	7.031
3.706	7.178
3.765	7.227
3.735	7.227
3.765	7.178
3.794	7.227
3.779	7.227
3.809	7.227
3.823	7.227
3.867	7.324
3.853	7.275
3.853	7.275
3.853	7.275
3.911	7.373
3.926	7.471
3.882	7.471
3.955	7.617
3.955	7.471
3.984	7.520
4.014	7.422
4.028	7.568
4.043	7.471
4.058	7.520
4.072	7.471
4.116	7.617
4.087	7.520
4.087	7.568
4.116	7.617
4.160	7.520
4.175	7.666
4.175	7.764
4.204	7.617
4.204	7.861
4.189	7.812
4.248	7.812
4.263	7.861
4.277	7.812
4.292	7.910
4.321	8.008
4.307	7.910
4.307	7.910
4.351	7.910
4.321	8.301
4.380	7.910
4.395	8.008
4.424	7.959
4.438	8.447
4.438	8.008
4.453	8.057
4.482	8.105
4.482	7.910
4.468	8.252
4.526	8.154
4.541	8.350
4.585	8.154
4.526	8.203
4.585	8.203
4.600	8.252
4.614	8.252
4.644	8.301
4.658	8.301
4.644	8.350
4.658	8.447
4.673	8.447
4.673	8.398
4.717	8.496
4.717	8.398
4.761	8.496
4.775	8.398
4.790	8.496
4.805	8.594
4.834	8.496
4.819	8.594
4.878	8.594
4.849	8.350
4.878	8.643
4.878	8.643
4.893	8.545
4.922	8.643
4.922	8.838
4.937	8.496
4.966	8.594
4.980	8.984
5.010	8.691
4.980	8.740
5.039	8.838
5.068	9.033
5.054	8.936
5.083	8.887
5.098	8.887
5.098	9.033
5.127	8.984
5.142	8.887
5.171	8.936
5.156	9.082
5.186	9.082
5.186	9.033
5.229	9.033
5.259	9.033
5.244	9.033
5.317	9.033
5.288	9.082
5.288	9.082
5.317	9.180
5.303	9.277
5.376	9.131
5.361	9.277
5.405	9.424
5.405	9.229
5.405	9.326
5.435	9.180
5.449	9.326
5.479	9.229
5.508	9.180
5.508	9.668
5.508	9.229
5.522	9.424
5.537	9.375
5.566	9.570
5.566	9.375
5.566	9.326
5.625	9.473
5.625	9.424
5.654	9.424
5.669	9.521
5.684	9.619
5.698	9.766
5.713	9.473
5.742	9.619
5.742	9.570
5.771	9.717
5.786	9.912
5.786	9.521
5.815	9.668
5.815	9.668
5.830	9.863
5.845	9.814
5.903	9.717
5.903	9.814
5.903	9.717
5.933	9.863
5.918	9.717
5.947	9.814
5.977	9.961
5.977	9.814
6.006	9.814
6.006	9.912
6.035	10.010
6.094	9.863
6.079	10.010
6.094	10.107
6.108	10.254
6.108	10.010
6.167	10.205
6.152	10.156
6.167	9.961
6.182	10.156
6.211	10.254
6.182	10.010
6.226	10.254
6.240	10.205
6.284	10.156
6.284	10.059
6.299	10.205
6.313	10.303
6.343	10.303
6.343	10.254
6.387	10.254
6.401	10.205
6.431	10.400
6.431	10.449
6.460	10.254
6.460	10.449
6.489	10.400
6.475	10.352
6.504	10.352
6.519	10.498
6.592	10.547
6.592	10.645
6.562	10.742
6.592	10.547
6.606	10.449
6.650	10.742
6.636	10.352
6.636	10.693
6.709	10.742
6.665	10.693
6.680	10.693
6.738	10.791
6.738	10.889
6.753	10.645
6.768	10.742
6.782	10.986
6.812	10.840
6.841	10.693
6.870	10.937
6.870	10.986
6.914	10.937
6.855	10.889
6.899	10.889
6.929	10.840
6.958	10.889
6.973	11.035
6.987	10.937
7.017	11.035
7.017	11.133
7.017	11.084
7.031	11.035
7.075	11.230
7.061	11.084
7.119	11.328
7.134	11.328
7.163	11.035
7.163	11.133
7.163	11.475
7.192	11.279
7.207	11.475
7.236	11.230
7.222	11.084
7.295	11.572
7.295	11.279
7.310	11.523
7.310	11.475
7.324	11.572
7.354	11.426
7.412	11.523
7.412	11.475
7.412	11.475
7.412	11.768
7.427	11.768
7.456	11.768
7.471	11.621
7.500	11.719
7.544	11.719
7.529	11.719
7.573	11.768
7.559	11.816
7.573	11.865
7.603	11.865
7.632	11.963
7.632	12.061
7.676	11.865
7.676	12.012
7.690	11.914
7.720	11.963
7.749	11.865
7.749	12.158
7.764	12.256
7.793	11.963
7.808	11.865
7.808	12.012
7.822	12.158
7.837	12.061
7.837	12.109
7.881	12.061
7.954	12.305
7.925	12.354
7.896	12.354
7.954	12.451
7.983	12.402
8.013	12.451
7.998	12.354
8.027	12.598
8.042	12.354
8.057	12.451
8.130	12.402
8.115	12.598
8.130	12.500
8.130	12.598
8.145	12.598
8.159	12.598
8.203	12.695
8.203	12.500
8.232	12.744
8.247	12.695
8.247	12.451
8.291	12.842
8.291	13.037
8.320	12.988
8.335	12.744
8.350	12.842
8.364	12.939
8.423	13.086
8.394	12.842
8.408	12.842
8.467	12.939
8.452	13.086
8.481	13.037
8.496	13.330
8.511	13.086
8.569	13.037
8.569	13.135
8.569	13.184
8.599	13.232
8.613	13.330
8.613	13.037
8.628	13.428
8.643	12.988
8.687	13.574
8.657	13.330
8.716	13.232
8.745	13.379
8.774	13.379
8.789	13.379
8.818	13.525
8.818	13.477
8.818	13.428
8.848	13.428
8.862	13.574
8.892	13.525
8.906	13.574
8.921	13.672
8.921	13.721
8.950	13.721
8.979	13.770
8.965	13.770
9.023	13.770
9.067	13.916
9.053	13.770
9.067	13.867
9.111	13.965
9.141	13.867
9.111	14.014
9.126	14.014
9.185	14.062
9.170	14.062
9.185	13.965
9.229	13.965
9.229	14.209
9.272	14.062
9.287	14.502
9.302	14.111
9.331	14.258
9.331	14.355
9.360	14.014
9.375	14.404
9.390	14.258
9.419	14.502
9.434	14.307
9.492	14.648
9.463	14.404
9.492	14.404
9.507	14.404
9.521	14.502
9.551	14.600
9.609	14.648
9.595	14.551
9.609	14.648
9.624	14.551
9.624	14.795
9.668	14.697
9.697	14.795
9.697	14.844
9.727	14.746
9.741	14.502
9.756	14.941
9.785	15.039
9.800	15.039
9.814	15.137
9.814	14.990
9.858	15.137
9.873	15.283
9.888	15.186
9.917	15.186
9.888	15.186
9.946	15.234
9.976	15.283
10.005	15.283
10.005	15.332
10.063	15.283
10.034	15.381
10.063	15.479
10.078	15.479
10.107	15.381
10.151	15.625
10.151	15.723
10.166	15.479
10.181	15.527
10.181	15.869
10.210	15.625
10.239	15.869
10.254	15.674
10.269	15.869
10.298	15.479
10.283	15.820
10.327	15.771
10.312	15.576
10.371	15.820
10.371	15.820
10.400	15.869
10.415	16.064
10.444	16.064
10.459	16.016
10.474	15.771
10.503	16.016
10.518	16.113
10.547	16.260
10.547	16.113
10.576	15.967
10.591	16.211
10.591	16.113
10.605	16.162
10.635	16.162
10.664	16.162
10.679	16.260
10.693	16.309
10.708	16.406
10.752	16.309
10.752	16.553
10.781	16.553
10.796	16.553
10.796	16.504
10.825	16.650
10.840	16.699
10.854	16.797
10.898	16.699
10.913	16.699
10.898	16.797
10.884	16.748
10.957	16.846
10.972	16.748
10.986	16.895
11.030	16.846
11.030	16.992
11.074	16.846
11.074	16.992
11.089	16.895
11.133	17.041
11.133	17.041
11.118	17.139
11.147	17.139
11.162	17.236
11.191	17.187
11.221	17.236
11.221	17.285
11.250	17.236
11.265	17.041
11.294	17.334
11.309	17.285
11.367	17.334
11.353	17.529
11.382	17.432
11.411	17.529
11.411	17.822
11.426	17.432
11.440	17.676
11.470	17.578
11.455	17.822
11.514	17.822
11.514	17.725
11.514	17.725
11.558	17.725
11.572	17.969
11.616	17.920
11.602	17.920
11.631	17.920
11.646	18.066
11.719	17.773
11.689	18.164
11.748	18.066
11.748	18.311
11.719	18.213
11.733	18.164
11.748	18.213
11.792	18.408
11.821	18.311
11.865	18.408
11.865	18.408
11.895	18.359
11.938	18.408
11.924	18.506
11.938	18.457
11.938	18.506
11.982	18.555
11.997	18.799
12.056	18.701
12.026	18.799
12.056	18.799
12.070	18.750
12.114	18.799
12.100	18.848
12.100	18.945
12.158	19.043
12.187	18.945
12.187	18.945
12.217	19.043
12.217	18.896
12.261	19.141
12.275	19.141
12.305	19.043
12.305	19.141
12.334	19.238
12.334	19.092
12.363	19.238
12.378	19.287
12.407	19.287
12.422	19.531
12.480	19.385
12.466	19.629
12.466	19.482
12.495	19.531
12.524	19.531
12.539	19.629
12.568	19.727
12.568	19.629
12.598	19.678
12.627	19.873
12.627	19.678
12.656	19.824
12.671	19.678
12.700	19.727
12.715	19.727
12.715	19.678
12.744	20.068
12.729	20.068
12.788	19.971
12.817	20.166
12.832	20.117
12.861	20.312
12.861	20.361
12.905	20.264
12.905	20.361
12.920	20.312
12.949	20.410
12.979	20.459
12.993	20.459
13.008	20.410
13.022	20.361
13.037	20.557
13.066	20.557
13.096	20.654
13.110	20.654
13.125	20.557
13.125	20.752
13.154	20.752
13.228	20.850
13.198	20.898
13.242	20.947
13.242	20.947
13.271	20.996
13.286	20.898
13.286	21.191
13.345	21.094
13.359	21.191
13.359	21.191
13.389	21.191
13.433	21.143
13.433	21.240
13.447	21.338
13.462	21.191
13.477	21.338
13.506	21.484
13.506	21.387
13.521	21.631
13.579	21.680
13.564	21.631
13.594	21.484
13.623	21.777
13.638	21.631
13.652	21.826
13.623	21.680
13.696	22.119
13.696	21.924
13.726	21.973
13.755	21.777
13.784	22.070
13.799	21.924
13.813	22.217
13.843	22.168
13.857	22.314
13.887	22.217
13.872	22.266
13.916	22.314
13.945	22.412
13.960	22.461
14.004	22.461
13.989	22.559
14.062	22.607
14.033	22.852
14.077	22.607
14.062	22.656
14.106	22.852
14.136	22.705
14.150	22.607
14.180	23.047
14.194	22.900
14.209	22.949
14.282	23.291
14.253	23.047
14.268	22.949
14.282	23.047
14.297	23.242
14.297	23.145
14.355	23.096
14.370	23.242
14.370	23.389
14.429	23.340
14.429	23.389
14.443	23.535
14.458	23.584
14.487	23.389
14.502	23.486
14.531	23.633
14.561	23.437
14.575	23.486
14.561	23.682
14.619	23.730
14.619	23.877
14.663	23.877
14.678	23.877
14.678	23.926
14.722	23.926
14.751	24.072
14.751	24.023
14.780	24.072
14.810	24.170
14.824	24.463
14.839	24.170
14.868	24.414
14.883	24.414
14.897	24.463
14.912	24.609
14.927	24.512
14.941	24.561
14.985	24.707
15.000	24.707
15.029	24.658
15.044	24.658
15.103	24.805
15.117	25.000
15.088	24.951
15.117	24.902
15.161	25.000
15.176	25.049
15.190	25.000
15.205	25.098
15.220	25.098
15.249	25.244
15.249	25.244
15.293	25.244
15.337	25.439
15.322	25.439
15.352	25.342
15.352	25.342
15.396	25.439
15.366	25.684
15.439	25.635
15.425	25.732
15.425	25.781
15.454	25.830
15.513	25.977
15.513	25.879
15.571	25.977
15.571	25.928
15.601	25.928
15.601	26.025
15.645	26.074
15.659	26.172
15.688	26.123
15.703	26.270
15.718	26.270
15.747	26.416
15.747	26.318
15.747	26.367
15.776	26.416
15.820	26.270
15.864	26.416
15.850	26.562
15.864	26.660
15.908	26.660
15.894	26.709
15.937	26.855
15.981	26.758
15.981	26.904
15.996	26.807
16.025	26.904
16.055	26.758
16.055	27.100
16.084	27.148
16.084	27.295
16.084	27.295
16.172	27.100
16.157	27.197
16.187	27.490
16.201	27.441
16.216	27.490
16.245	27.588
16.260	27.539
16.230	27.539
16.274	27.686
16.333	27.637
16.348	27.734
16.348	27.686
16.406	27.783
16.406	27.881
16.421	28.027
16.465	28.125
16.479	28.076
16.494	27.881
16.553	28.174
16.538	28.223
16.553	28.320
16.567	28.223
16.611	28.320
16.611	28.418
16.611	28.516
16.699	28.516
16.714	28.613
16.685	28.613
16.714	28.662
16.729	28.760
16.787	28.760
16.758	28.857
16.802	28.906
16.802	29.004
16.816	29.004
16.890	29.053
16.875	29.102
16.904	29.053
16.919	29.297
16.948	29.346
16.963	29.004
16.963	29.346
17.007	29.492
17.036	29.492
17.051	29.639
17.065	29.590
17.080	29.834
17.109	29.687
17.139	29.590
17.153	29.687
17.168	29.639
17.183	29.834
17.183	29.687
17.212	30.127
17.256	29.980
17.271	29.980
17.285	30.029
17.329	30.225
17.344	30.469
17.358	30.371
17.373	30.420
17.432	30.469
17.432	30.566
17.432	30.615
17.446	30.713
17.490	30.615
17.505	30.762
17.534	30.762
17.549	30.713
17.578	30.811
17.593	30.908
17.622	31.006
17.637	31.348
17.651	31.201
17.666	31.104
17.710	31.104
17.725	31.348
17.739	31.348
17.754	31.641
17.769	31.689
17.798	31.445
17.827	31.641
17.827	31.689
17.871	31.592
17.871	31.738
17.900	31.787
17.930	31.934
17.930	31.836
17.974	31.934
17.988	31.787
18.018	32.080
18.047	32.227
18.076	32.373
18.091	32.275
18.105	32.324
18.149	32.471
18.164	32.373
18.223	32.422
18.193	32.617
18.223	32.812
18.237	32.715
18.281	32.520
18.296	32.715
18.325	32.910
18.325	32.910
18.369	33.105
18.428	33.008
18.472	33.154
18.413	33.252
18.442	33.203
18.501	33.252
18.501	33.398
18.516	33.252
18.516	33.301
18.560	33.398
18.560	33.398
18.604	33.740
18.618	33.789
18.647	33.838
18.647	33.887
18.706	33.887
18.706	33.984
18.750	33.984
18.750	34.277
18.779	34.180
18.794	34.180
18.809	34.082
18.838	34.180
18.853	34.375
18.896	34.375
18.896	34.424
18.926	34.473
18.940	34.521
18.955	34.668
18.984	34.326
18.940	32.422
19.028	31.299
19.028	30.713
19.072	30.713
19.072	30.518
19.102	30.664
19.102	30.469
19.146	30.713
19.175	30.615
19.175	30.664
19.219	30.664
19.263	30.615
19.248	30.566
19.263	30.713
19.292	30.762
19.321	30.713
19.351	30.713
19.365	31.006
19.395	30.957
19.409	30.811
19.409	30.713
19.453	30.957
19.468	31.152
19.497	31.299
19.526	31.152
19.526	31.152
19.570	31.201
19.570	31.250
19.585	31.445
19.614	31.250
19.644	31.348
19.658	31.348
19.717	31.104
19.717	31.201
19.717	31.396
19.790	31.250
19.731	31.250
19.790	31.250
19.805	31.396
19.805	31.348
19.834	31.494
19.878	31.689
19.893	31.445
19.922	31.445
19.937	31.641
19.980	31.592
20.024	31.885
20.024	31.738
20.024	31.738
20.054	31.738
20.068	31.885
20.127	31.934
20.098	31.982
20.142	32.129
20.142	32.178
20.200	32.227
20.186	32.227
20.229	32.275
20.288	32.275
20.288	32.471
20.288	32.471
20.317	32.422
20.347	32.568
20.376	32.568
20.391	32.617
20.420	32.617
20.405	32.471
20.464	32.666
20.449	32.764
20.508	32.715
20.537	32.959
20.552	33.057
20.566	33.057
20.581	32.959
20.640	33.057
20.625	33.203
20.640	33.301
20.684	33.301
20.669	33.447
20.728	33.447
20.698	33.398
20.757	33.398
20.786	33.545
20.815	33.936
20.830	33.691
20.859	33.789
20.874	33.643
20.889	33.936
20.903	33.887
20.933	33.887
20.947	33.984
20.977	34.082
21.006	34.033
21.006	34.131
21.021	34.082
21.094	34.229
21.079	34.229
21.108	34.473
21.138	34.473
21.167	34.473
21.196	34.570
21.167	34.717
21.226	34.668
21.240	34.912
21.284	34.863
21.284	34.912
21.299	34.961
21.343	34.912
21.343	34.961
21.387	35.352
21.401	35.303
21.431	35.205
21.431	35.205
21.445	35.254
21.489	35.400
21.519	35.400
21.533	35.352
21.548	35.498
21.577	35.547
21.650	35.596
21.621	35.498
21.621	35.645
21.665	35.596
21.694	35.645
21.768	35.791
21.738	35.937
21.768	35.889
21.797	35.937
21.826	35.889
21.841	36.035
21.855	36.182
21.855	36.133
21.899	36.182
21.914	36.279
21.987	36.133
21.958	36.328
21.987	36.279
21.987	36.279
22.061	36.328
22.061	36.426
22.075	36.377
22.090	36.426
22.119	36.377
22.148	36.523
22.134	36.377
22.222	36.768
22.222	36.768
22.236	36.865
22.266	36.816
22.339	36.914
22.324	36.621
22.339	36.865
22.339	36.963
22.368	37.061
22.397	37.158
22.427	37.012
22.441	37.207
22.441	37.207
22.485	37.354
22.500	37.402
22.544	37.451
22.515	37.402
22.559	37.549
22.603	37.500
22.617	37.402
22.646	37.695
22.676	37.500
22.764	37.695
22.676	37.451
22.734	37.598
22.764	37.793
22.778	37.988
22.822	37.793
22.822	37.842
22.896	38.086
22.881	38.037
22.910	38.037
22.925	37.939
22.939	38.037
22.969	38.281
22.998	37.988
23.013	38.232
23.027	38.330
23.013	38.184
23.101	38.086
23.101	38.184
23.101	38.379
23.145	38.477
23.188	38.477
23.188	38.477
23.232	38.477
23.232	38.428
23.276	38.574
23.291	38.574
23.306	38.770
23.320	38.721
23.364	38.818
23.379	38.770
23.379	38.770
23.423	38.867
23.437	38.867
23.481	38.770
23.467	38.965
23.525	38.867
23.525	39.355
23.555	39.062
23.569	39.062
23.599	39.111
23.643	39.307
23.628	39.209
23.687	39.307
23.687	39.355
23.716	39.502
23.760	39.209
23.774	39.404
23.804	39.355
23.804	39.404
23.833	39.453
23.848	39.404
23.877	39.502
23.906	39.844
23.906	39.600
23.979	39.746
23.965	39.795
23.994	39.893
24.009	40.039
24.067	39.990
24.097	40.039
24.126	39.893
24.141	40.283
24.199	39.990
24.199	40.186
24.214	40.186
24.243	40.332
24.243	40.137
24.287	40.234
24.272	40.381
24.316	40.430
24.360	40.137
24.404	40.527
24.404	40.479
24.419	40.527
24.448	40.576
24.463	40.723
24.478	40.820
24.507	40.723
24.536	40.918
24.551	40.820
24.551	40.967
24.580	40.918
24.609	40.967
24.639	41.016
24.697	41.113
24.712	41.064
24.727	41.162
24.727	41.064
24.741	41.260
24.844	41.113
24.800	41.406
24.800	41.309
24.829	41.357
24.888	41.455
24.888	41.309
24.917	41.602
24.961	41.602
24.961	41.748
24.990	41.602
25.020	41.699
25.034	41.699
25.063	41.699
25.078	41.748
25.151	41.797
25.093	41.943
25.166	41.846
25.181	41.797
25.195	41.895
25.239	41.992
25.239	41.992
25.269	41.943
25.298	42.090
25.312	42.090
25.356	42.285
25.356	42.090
25.386	42.041
25.430	42.090
25.430	42.383
25.459	42.383
25.474	42.529
25.503	42.529
25.532	42.676
25.532	42.187
25.576	42.627
25.591	42.773
25.635	42.578
25.649	42.725
25.664	42.676
25.752	42.627
25.693	42.822
25.737	42.822
25.737	42.920
25.781	42.969
25.796	42.969
25.825	43.066
25.854	42.871
25.913	43.164
25.898	42.969
25.884	43.115
25.957	43.311
25.986	43.115
25.986	43.213
26.016	43.311
26.045	43.506
26.089	43.311
26.104	43.359
26.133	43.506
26.147	43.604
26.177	43.555
26.206	43.555
26.177	43.555
26.235	43.506
26.309	43.652
26.279	43.799
26.309	43.799
26.309	43.799
26.353	43.848
26.353	43.848
26.396	43.945
26.440	43.994
26.440	43.896
26.440	44.092
26.499	44.043
26.455	44.141
26.543	43.945
26.616	44.189
26.587	43.896
26.660	44.336
26.602	44.531
26.631	44.238
26.733	44.189
26.704	44.189
26.748	44.531
26.763	36.914
26.807	-0.830
26.836	0.000
26.821	0.146
26.865	0.049
26.895	0.244
26.865	0.293
26.909	0.049
26.968	0.049
26.968	0.049
26.982	0.000
26.997	0.342
27.056	0.244
27.070	0.146
27.085	0.049
27.129	-0.195
27.158	-0.049
27.158	0.098
27.187	0.049
27.217	0.000
27.231	0.293
27.261	0.049
27.290	-0.049
27.305	0.244
27.334	0.146
27.393	0.049
27.349	0.098
27.407	0.049
27.422	0.098
27.451	0.098
27.510	0.049
27.466	0.000
27.554	0.195
27.539	0.000
27.554	0.098
27.598	0.195
27.568	0.049
27.642	0.195
27.642	0.098
27.686	0.146
27.686	0.195
27.729	0.098
27.788	0.049
27.832	0.146
27.803	0.244
27.861	0.000
27.832	0.000
27.876	0.000
27.891	-0.146
27.935	0.293
27.935	0.244
27.979	0.049
27.979	0.098
28.022	0.049
28.037	0.195
28.022	0.146
28.096	0.342
28.140	0.146
28.140	-0.098
28.184	0.146
28.242	0.195
28.213	0.049
28.271	0.146
28.271	-0.098
28.286	0.098
28.301	0.146
28.389	0.195
28.359	0.098
28.374	0.244
28.418	0.098
28.433	0.146
28.447	0.098
28.477	-0.146
28.491	-0.098
28.550	0.146
28.594	0.098
28.579	0.049
28.652	-0.098
28.594	0.049
28.652	0.146
28.682	0.098
28.711	-0.049
28.711	0.098
28.755	-0.195
28.770	0.000
28.784	-0.195
28.813	0.049
28.887	0.146
28.872	0.195
28.901	0.098
28.916	-0.098
28.945	0.195
28.975	0.244
29.004	0.195
29.019	0.244
29.033	-0.049
29.062	0.146
29.092	0.244
29.121	0.098
29.150	0.293
29.165	0.146
29.194	0.000
29.209	0.049
29.238	0.049
29.268	0.000
29.282	0.146
29.297	0.049
29.341	0.098
29.370	0.098
29.385	0.049
29.399	0.146
29.443	0.000
29.458	0.098
29.487	0.000
29.502	-0.049
29.531	0.146
29.561	0.195
29.575	0.098
29.634	0.049
29.634	0.049
29.648	0.098
29.678	0.098
29.663	0.049
29.736	0.049
29.736	-0.049
29.780	0.098
29.839	0.244
29.810	0.049
29.839	0.146
29.883	0.049
29.883	0.000
29.868	-0.098
29.956	0.146
29.985	0.049
29.985	0.195
29.985	0.195
29.985	0.098
29.985	0.146
29.985	0.146
29.971	0.049
29.985	0.000
29.985	0.000
29.985	-0.146
29.985	0.098
29.985	0.049
29.985	0.049
29.985	0.146
29.985	0.293
29.985	0.098
29.985	0.000
29.985	0.049
29.956	0.000
29.985	0.098
29.985	0.098
29.985	0.049
29.971	0.342
29.985	0.000
29.985	0.049
29.985	0.098
29.971	0.000
29.985	0.000
29.985	0.195
29.956	-0.098
29.956	-0.049
29.985	0.000
29.985	0.049
29.985	0.146
29.985	0.000
29.985	0.000
29.985	0.000
29.985	0.146
29.985	0.098
29.985	-0.098
29.985	0.195
29.985	0.098
29.985	0.000
29.985	0.049
29.985	0.244
29.941	0.098
29.985	-0.049
29.985	-0.146
29.985	0.000
29.985	0.049
29.985	0.098
29.985	0.146
29.985	0.098
29.985	0.244
29.985	0.146
29.985	-0.146
29.985	0.049
29.985	0.049
29.985	0.293
29.985	0.195
29.985	0.098
29.985	0.049
29.985	0.049
29.985	-0.098
29.985	0.000
29.985	0.049
29.956	0.049
29.985	0.146
29.985	0.049
29.985	0.342
29.985	0.146
29.985	0.195
29.985	0.049
29.985	0.195
29.985	0.000
29.985	0.293
29.985	-0.049
29.985	0.098
29.985	0.000
29.985	0.000
29.985	0.098
29.985	0.049
29.985	0.195
29.985	0.195
29.985	0.244
29.985	0.146
29.985	-0.049
29.985	0.146
29.985	0.098
29.985	0.049
29.956	-0.098
29.985	0.195
29.985	0.000
29.985	0.049
29.985	0.244
29.985	0.293
29.985	-0.146
29.985	0.098
29.985	0.098
29.985	0.049
29.985	0.049
29.985	0.049
29.985	0.195
29.985	0.049
29.985	0.146
29.985	0.195
29.985	0.098
29.985	0.049
29.985	0.244
29.985	0.049
29.985	0.342
29.985	0.146
29.985	0.098
29.985	0.195
29.985	0.049
29.985	0.146
29.985	0.000
29.985	0.049
29.985	0.000
29.985	0.000
29.985	0.098
29.985	0.049
29.971	-0.098
29.985	0.195
29.985	0.244
29.985	0.146
29.985	0.098
29.985	0.146
29.985	0.098
29.985	-0.049
29.985	0.049
29.985	0.049
29.985	0.000
29.985	0.146
29.971	0.049
29.985	0.146
29.956	0.098
29.985	0.049
29.985	0.000
29.985	0.049
29.985	0.146
29.985	-0.049
29.985	0.098
29.985	0.049
29.985	0.098
29.985	0.049
29.985	0.000
29.985	-0.098
29.985	0.049
29.985	0.146
29.985	0.293
29.985	0.098
29.985	0.049
29.985	-0.049
29.956	0.195
29.985	0.146
29.985	0.000
29.985	0.146
29.985	0.195
29.985	0.000
29.985	0.098
29.985	0.098
29.985	0.244
29.971	0.098
29.985	0.000
29.985	0.146
29.985	0.342
29.985	-0.049
29.985	0.049
29.985	0.049
29.985	0.098
29.985	0.000
29.985	0.195
29.985	0.146
29.985	0.195
29.941	0.098
29.985	0.195
29.985	0.146
29.985	0.195
29.985	0.098
29.985	-0.098
29.985	0.098
29.985	0.098
29.985	0.098
29.985	0.098
29.985	0.098
29.985	0.146
29.985	0.049
29.985	-0.098
29.985	-0.049
29.985	0.146
29.985	0.000
29.985	0.195
29.985	0.049
29.985	0.146
29.985	0.000
29.971	-0.146
29.985	0.049
29.985	0.000
29.985	0.098
29.985	0.049
29.985	0.049
29.985	0.098
29.985	0.098
29.985	0.146
29.971	0.098
29.985	0.244
29.985	0.049
29.985	0.098
29.985	0.195
29.985	0.098
29.985	-0.049
29.985	0.195
29.985	0.195
29.985	0.293
29.985	0.293
29.985	0.098
29.985	0.098
29.985	0.098
29.985	0.049
29.985	0.049
29.985	0.146
29.985	0.000
29.985	0.098
29.971	0.244
29.985	0.098
29.971	-0.146
29.985	0.049
29.985	0.098
29.985	0.146
29.941	0.049
29.985	0.000
29.971	0.244
29.985	0.098
29.985	-0.049
29.985	0.244
29.985	0.244
29.985	0.049
29.956	0.049
29.985	0.000
29.985	0.146
29.985	0.098
29.985	0.000
29.985	0.098
29.985	0.049
29.985	-0.098
29.941	0.195
29.985	0.049
29.985	0.146
29.985	0.049
29.985	0.146
29.985	-0.049
29.985	0.049
29.985	-0.049
29.985	0.098
29.985	0.000
29.985	0.146
29.985	0.146
29.985	0.049
29.985	0.000
29.985	0.146
29.985	0.049
29.971	0.000
29.985	0.000
29.985	0.098
29.985	0.098
29.971	0.049
29.985	0.049
29.985	0.146
29.985	0.000
29.985	0.000
29.985	0.098
29.985	0.146
29.985	0.049
29.985	0.146
29.985	0.000
29.985	0.146
29.985	0.049
29.985	-0.049
29.985	0.293
29.985	0.098
29.956	0.146
29.985	0.000
29.985	0.098
29.956	0.098
29.985	0.098
29.985	0.098
29.985	0.049
29.985	0.146
29.985	0.049
29.985	0.000
29.971	0.244
29.985	0.244
29.985	0.049
29.985	0.098
29.985	0.146
29.985	-0.049
29.985	0.146
29.985	-0.146
29.985	0.000
29.985	0.146
29.985	-0.049
29.985	0.049
29.985	0.049
29.985	0.146
29.985	0.098
29.985	0.146
29.985	0.098
29.985	-0.049
29.985	0.098
29.985	0.391
29.956	0.049
29.985	0.146
29.985	0.049
29.985	0.098
29.985	0.000
29.985	0.049
29.985	0.146
29.985	0.146
29.985	0.293
29.985	0.195
29.985	0.146
29.985	0.049
29.985	0.000
29.985	0.098
29.971	0.098
29.985	0.098
29.985	-0.244
29.985	0.146
29.985	0.049
29.985	0.098
29.971	-0.244
29.985	0.049
29.985	0.195
29.985	0.000
29.985	0.098
29.985	0.049
29.985	0.049
29.985	0.000
29.985	0.000
29.985	0.244
29.985	0.146
29.956	0.000
29.985	0.146
29.985	0.049
29.985	0.146
29.985	0.049
29.985	-0.049
29.985	0.098
29.985	0.049
29.985	0.146
29.985	-0.098
29.971	0.049
29.985	0.098
29.985	-0.049
29.985	0.098
29.985	0.195
29.985	0.049
29.985	0.146
29.985	-0.195
29.985	0.195
29.985	0.000
29.985	-0.049
29.985	-0.049
29.956	0.000
29.985	0.244
29.985	0.000
29.985	-0.049
29.985	-0.293
29.985	0.049
29.985	0.049
29.985	0.146
29.985	0.098
29.971	0.146
29.985	0.195
29.985	0.000
29.985	0.049
29.985	0.146
29.985	0.098
29.985	0.000
29.985	0.049
29.985	-0.098
29.985	-0.244
29.985	0.049
29.985	0.049
29.985	0.146
29.971	0.244
29.985	0.244
29.985	0.098
29.985	0.146
29.985	-0.244
29.985	0.098
29.971	-0.049
29.985	0.293
29.985	0.146
29.985	0.000
29.985	0.049
29.985	0.244
29.985	0.000
29.985	0.146
29.985	0.098
29.985	0.244
29.985	0.098
29.985	0.049
29.956	0.049
29.985	0.000
29.971	0.098
29.985	0.049
29.985	0.146
29.985	0.049
29.985	-0.049
29.985	0.146
29.985	0.195
29.985	0.098
29.985	0.195
29.956	0.098
29.985	-0.049
29.985	0.049
29.985	0.049
29.985	-0.195
29.956	0.000
29.985	0.000
29.985	0.146
29.985	0.000
29.985	0.049
29.985	-0.049
29.985	0.098
29.985	0.098
29.985	0.049
29.971	0.098
29.985	0.000
