0.044	0.146
0.044	-0.195
0.044	0.244
0.059	0.244
0.029	0.244
0.029	0.195
0.044	0.098
0.044	0.049
0.044	0.146
0.029	0.195
0.029	0.146
0.044	0.098
0.029	-0.049
0.044	0.293
0.059	0.146
0.044	0.098
0.029	0.244
0.015	0.244
0.059	0.146
0.059	0.098
0.073	0.098
0.059	0.146
0.103	0.049
0.117	0.146
0.117	0.098
0.176	0.000
0.146	0.293
0.146	0.195
0.161	-0.049
0.176	0.195
0.176	0.293
0.190	0.098
0.220	0.244
0.220	0.244
0.249	0.342
0.249	0.195
0.278	0.244
0.264	0.244
0.308	0.342
0.293	0.244
0.322	0.293
0.337	0.146
0.352	0.342
0.352	0.293
0.396	0.146
0.381	0.391
0.410	0.293
0.410	0.391
0.410	0.146
0.410	0.293
0.469	0.342
0.469	0.342
0.469	0.244
0.469	0.488
0.513	0.391
0.527	0.391
0.527	0.391
0.571	0.391
0.586	0.635
0.586	0.439
0.601	0.439
0.615	0.635
0.615	0.635
0.630	0.439
0.630	0.537
0.659	0.586
0.659	0.537
0.674	0.684
0.688	0.586
0.718	0.732
0.732	0.732
0.762	0.977
0.776	0.537
0.791	0.879
0.791	0.342
0.806	0.781
0.820	1.074
0.835	1.025
0.850	0.928
0.894	1.123
0.908	1.074
0.908	1.123
0.937	1.172
0.952	1.172
0.981	0.830
0.967	1.318
0.981	1.367
1.011	1.465
1.025	1.514
1.055	1.562
1.040	1.562
1.069	1.709
1.099	1.709
1.157	1.807
1.172	1.953
1.143	1.904
1.172	2.051
1.201	2.100
1.216	2.295
1.201	2.148
1.260	2.246
1.260	2.344
1.274	2.490
1.289	2.637
1.318	2.539
1.318	2.686
1.333	2.734
1.362	2.686
1.377	2.881
1.377	3.027
1.406	3.027
1.421	3.125
1.421	3.174
1.436	3.369
1.465	3.320
1.479	3.467
1.465	3.516
1.509	3.613
1.538	3.662
1.538	4.102
1.538	3.955
1.567	3.906
1.538	3.955
1.611	4.053
1.611	4.248
1.641	4.150
1.655	4.248
1.611	4.346
1.670	4.395
1.670	4.639
1.685	4.443
1.729	4.541
1.772	4.736
1.758	4.736
1.787	4.883
1.802	4.785
1.802	4.932
1.831	4.932
1.846	5.029
1.860	5.322
1.860	5.322
1.875	5.615
1.904	5.420
1.934	5.322
1.948	5.566
1.934	5.762
1.978	5.908
1.978	5.811
1.992	5.908
2.021	6.006
2.065	6.152
2.065	6.641
2.065	6.348
2.080	6.543
2.109	6.445
2.139	6.396
2.139	6.592
2.168	6.689
2.168	6.787
2.212	6.592
2.227	6.836
2.227	6.934
2.227	6.836
2.256	6.982
2.271	7.227
2.271	7.080
2.256	7.275
2.285	7.178
2.329	7.129
2.344	7.275
2.329	7.471
2.358	7.422
2.388	7.471
2.402	7.520
2.446	7.764
2.461	7.861
2.476	8.008
2.490	7.764
2.505	8.057
2.505	8.008
2.549	8.105
2.534	8.301
2.563	8.105
2.578	8.350
2.578	8.398
2.593	8.496
2.607	8.398
2.651	8.496
2.651	8.447
2.681	8.496
2.681	8.691
2.695	8.691
2.681	8.789
2.725	8.936
2.739	8.887
2.754	8.936
2.769	8.887
2.783	9.082
2.812	8.984
2.812	9.033
2.812	9.424
2.842	9.277
2.856	9.375
2.886	9.180
2.886	9.375
2.915	9.424
2.915	9.424
2.930	9.375
2.959	9.473
2.974	9.668
2.974	9.570
3.018	9.814
3.032	9.814
2.988	9.766
3.062	9.863
3.062	9.912
3.076	9.863
3.105	10.010
3.120	10.156
3.135	9.961
3.120	10.205
3.164	10.205
3.179	10.205
3.179	10.205
3.208	10.303
3.237	10.254
3.252	10.254
3.267	10.547
3.267	10.498
3.281	10.645
3.296	10.254
3.325	10.693
3.311	10.791
3.340	10.645
3.340	10.742
3.384	10.742
3.384	10.889
3.398	10.937
3.428	10.889
3.442	10.937
3.472	10.986
3.486	11.133
3.501	11.182
3.501	11.279
3.516	11.230
3.545	11.377
3.589	11.328
3.574	11.230
3.618	11.523
3.589	11.475
3.633	11.377
3.662	11.670
3.677	11.572
3.662	11.621
3.691	11.621
3.691	11.621
3.750	11.621
3.750	11.768
3.809	11.914
3.779	11.914
3.794	11.865
3.779	12.109
3.823	12.012
3.838	12.109
3.867	12.207
3.867	12.109
3.882	12.207
3.911	12.256
3.911	12.158
3.926	12.402
3.940	12.598
3.984	12.500
3.999	12.598
4.014	12.549
4.043	12.598
4.043	12.598
4.043	12.646
4.072	12.695
4.072	12.891
4.072	12.793
4.102	12.939
4.116	12.793
4.131	12.891
4.146	12.988
4.160	13.037
4.204	13.037
4.219	13.086
4.204	13.086
4.233	13.086
4.277	12.988
4.263	13.379
4.292	13.135
4.307	13.281
4.321	13.379
4.321	13.330
4.336	13.477
4.336	13.574
4.365	13.574
4.395	13.721
4.395	13.672
4.424	13.672
4.453	13.623
4.453	13.770
4.453	13.867
4.468	13.770
4.497	13.916
4.512	13.916
4.541	13.916
4.541	13.965
4.556	13.916
4.541	14.307
4.614	14.111
4.673	14.307
4.629	14.551
4.644	14.355
4.702	14.307
4.658	14.404
4.702	14.355
4.658	14.502
4.717	14.551
4.746	14.746
4.775	14.648
4.819	14.551
4.805	14.697
4.819	14.795
4.834	14.844
4.893	15.088
4.863	14.844
4.863	14.990
4.878	15.137
4.878	14.990
4.937	15.234
4.980	15.137
4.951	15.186
4.966	15.234
5.039	15.332
4.995	15.234
5.010	15.283
5.068	15.479
5.083	15.479
5.054	15.381
5.098	15.576
5.112	15.674
5.127	15.723
5.142	15.820
5.156	15.820
5.156	15.625
5.171	15.674
5.200	16.016
5.229	15.967
5.229	16.016
5.244	16.211
5.259	16.113
5.288	16.211
5.303	16.260
5.303	16.162
5.332	16.406
5.332	16.260
5.376	16.455
5.376	16.455
5.405	16.455
5.420	16.602
5.420	16.699
5.435	16.650
5.464	16.699
5.479	16.797
5.493	16.846
5.508	16.943
5.552	16.895
5.537	17.041
5.566	16.943
5.566	17.090
5.581	17.187
5.596	17.187
5.625	17.139
5.654	17.187
5.640	17.480
5.684	17.383
5.698	17.383
5.713	17.578
5.713	17.578
5.728	17.627
5.742	17.627
5.757	17.676
5.771	17.920
5.786	17.920
5.801	17.822
5.830	17.822
5.859	17.969
5.859	18.066
5.874	18.066
5.903	18.164
5.918	18.164
5.903	18.213
5.933	18.164
5.947	18.213
5.991	18.408
6.006	18.457
6.021	18.457
6.050	18.604
6.064	18.359
6.079	18.848
6.094	18.652
6.123	18.652
6.152	18.848
6.123	18.945
6.138	18.994
6.167	19.336
6.196	19.043
6.196	18.994
6.211	19.189
6.240	19.336
6.255	19.385
6.270	19.336
6.299	19.434
6.270	19.336
6.313	19.482
6.328	19.775
6.343	19.678
6.357	19.824
6.387	19.775
6.372	19.775
6.431	19.824
6.460	20.068
6.416	19.971
6.445	20.361
6.475	20.117
6.504	20.117
6.533	20.361
6.548	20.410
6.577	20.410
6.577	20.459
6.592	20.459
6.621	20.654
6.636	20.703
6.650	20.703
6.650	20.801
6.680	20.850
6.680	20.947
6.709	20.996
6.724	21.191
6.724	20.801
6.753	21.045
6.768	21.191
6.768	21.484
6.812	21.338
6.826	21.484
6.841	21.289
6.870	21.387
6.899	21.582
6.885	21.680
6.885	21.582
6.929	21.777
6.958	21.973
6.958	21.924
6.958	21.973
6.987	22.119
6.987	22.168
7.031	21.973
7.061	22.314
7.061	22.363
7.090	22.461
7.119	22.461
7.119	22.656
7.134	22.656
7.148	22.559
7.192	22.852
7.178	22.852
7.207	22.900
7.236	23.145
7.251	23.096
7.222	23.096
7.280	23.145
7.339	23.389
7.310	23.340
7.324	23.633
7.368	23.389
7.397	23.437
7.383	23.682
7.397	23.730
7.427	23.779
7.427	23.828
7.456	23.828
7.471	23.926
7.485	24.023
7.515	24.121
7.559	24.268
7.544	24.316
7.559	24.414
7.588	24.561
7.603	24.658
7.617	24.170
7.632	24.756
7.661	24.756
7.661	24.707
7.705	24.805
7.705	25.000
7.734	24.902
7.734	25.146
7.734	25.146
7.764	25.293
7.793	25.244
7.822	25.391
7.822	25.586
7.852	25.586
7.866	25.781
7.866	25.781
7.881	25.781
7.925	25.977
7.939	25.928
7.925	26.025
7.969	26.123
7.983	26.318
8.013	26.221
8.086	26.611
8.042	26.514
8.057	26.855
8.071	26.660
8.115	26.807
8.115	26.855
8.130	26.953
8.174	27.002
8.174	27.100
8.203	27.100
8.203	27.441
8.218	27.148
8.247	27.441
8.276	27.490
8.276	27.588
8.306	27.783
8.320	27.881
8.335	27.930
8.364	28.076
8.379	28.076
8.394	28.076
8.423	28.271
8.408	28.271
8.437	28.516
8.452	28.467
8.496	28.613
8.496	28.760
8.525	28.711
8.599	28.906
8.511	28.955
8.569	29.053
8.599	29.297
8.599	29.150
8.628	29.492
8.628	29.248
8.643	29.541
8.687	29.639
8.701	29.834
8.716	29.834
8.730	29.785
8.760	29.980
8.804	30.225
8.804	30.225
8.818	30.371
8.833	30.420
8.848	30.518
8.877	30.811
8.892	30.811
8.892	30.713
8.921	30.908
8.936	31.006
8.979	31.201
8.979	31.104
8.994	31.348
8.994	31.348
9.023	31.689
9.053	31.592
9.082	31.885
9.111	31.836
9.082	31.982
9.185	32.031
9.155	32.324
9.170	32.178
9.199	32.373
9.229	32.666
9.214	32.422
9.272	32.812
9.287	32.812
9.302	33.057
9.331	33.154
9.331	33.301
9.346	33.252
9.360	33.203
9.375	33.350
9.463	33.594
9.419	33.691
9.434	33.887
9.434	33.936
9.463	34.131
9.492	34.131
9.492	34.229
9.507	34.424
9.551	34.424
9.565	34.473
9.580	34.766
9.609	34.863
9.624	34.961
9.653	34.912
9.668	24.951
9.683	0.000
9.697	-0.586
9.697	0.000
9.741	0.146
9.727	-0.049
9.756	-0.049
9.785	0.049
9.814	0.244
9.829	0.244
9.858	0.049
9.873	0.098
9.873	-0.049
9.902	-0.049
9.932	-0.098
9.990	0.000
9.946	0.098
9.961	-0.098
9.990	0.049
10.020	0.049
10.049	-0.049
10.078	0.098
10.078	0.000
10.093	0.098
10.107	0.098
10.137	0.098
10.151	0.098
10.137	0.098
10.181	0.000
10.181	0.098
10.239	0.195
10.254	0.000
10.254	0.000
10.254	0.195
10.298	0.146
10.312	0.049
10.269	0.098
10.312	0.049
10.371	0.000
10.312	-0.049
10.312	0.000
10.312	0.098
10.312	0.244
10.312	0.098
10.342	0.049
10.312	0.244
10.312	-0.049
10.356	0.195
10.312	0.000
10.312	0.146
10.327	0.049
10.298	0.000
10.312	0.146
10.269	0.049
10.298	0.049
10.298	0.049
10.298	0.098
10.312	0.098
10.312	-0.098
10.312	0.146
10.327	0.098
10.312	0.146
10.312	0.049
10.356	-0.098
10.298	0.049
10.298	-0.098
10.312	0.146
10.312	0.342
10.312	0.000
10.312	0.098
10.312	0.000
10.327	0.000
10.312	0.146
10.312	0.195
10.298	-0.049
10.312	0.049
10.327	0.098
10.298	0.244
10.298	0.195
10.312	-0.098
10.327	0.098
10.298	0.195
10.312	-0.146
10.283	0.049
10.312	-0.049
10.283	0.098
10.312	0.000
