0.015	0.293
0.029	0.391
0.029	0.391
0.015	0.342
0.029	0.244
0.044	0.439
0.029	0.244
0.029	0.439
0.015	0.195
0.029	0.244
0.029	0.293
0.029	0.146
0.029	0.586
0.029	0.342
0.073	0.293
0.029	0.391
0.015	0.195
0.044	0.244
0.044	0.342
0.044	0.293
0.044	0.439
0.073	0.342
0.044	0.342
0.044	0.293
0.029	0.488
0.015	0.488
0.044	0.488
0.029	0.391
0.029	0.342
0.044	0.244
0.073	0.342
0.073	0.488
0.088	0.293
0.059	0.391
0.088	0.244
0.117	0.439
0.117	0.342
0.161	0.537
0.161	0.293
0.176	0.391
0.176	0.293
0.190	0.293
0.220	0.439
0.234	0.488
0.264	0.488
0.264	0.391
0.278	0.439
0.278	0.391
0.278	0.391
0.293	0.195
0.322	0.537
0.322	0.635
0.352	0.439
0.366	0.391
0.381	0.781
0.396	0.586
0.396	0.830
0.410	0.635
0.483	0.781
0.425	0.537
0.498	0.684
0.425	0.635
0.469	0.781
0.498	0.781
0.469	0.586
0.527	0.830
0.527	0.830
0.557	0.879
0.557	0.830
0.571	0.879
0.601	0.684
0.601	0.928
0.630	0.879
0.645	0.977
0.659	1.123
0.645	1.074
0.674	1.074
0.688	0.977
0.688	1.172
0.718	1.221
0.747	1.270
0.791	1.318
0.776	1.416
0.820	1.221
0.820	1.416
0.820	1.611
0.850	1.514
0.835	1.562
0.879	1.611
0.864	1.758
0.908	1.807
0.937	1.855
0.952	2.002
0.981	2.246
0.996	2.148
1.011	2.051
1.025	2.246
1.040	2.246
1.040	2.295
1.055	2.295
1.069	2.393
1.143	2.490
1.187	2.783
1.143	2.783
1.143	2.832
1.172	3.125
1.201	2.979
1.216	3.271
1.245	3.369
1.245	3.418
1.245	3.711
1.289	3.564
1.289	3.809
1.333	3.857
1.333	3.809
1.348	4.102
1.362	4.199
1.362	4.297
1.392	4.443
1.406	4.443
1.436	4.492
1.450	4.785
1.465	5.029
1.523	5.078
1.509	5.078
1.509	5.322
1.523	5.371
1.523	5.469
1.538	5.566
1.567	5.566
1.567	5.957
1.582	5.859
1.626	6.152
1.655	6.543
1.641	6.738
1.685	6.836
1.699	6.934
1.714	6.982
1.729	7.129
1.743	7.422
1.758	7.471
1.772	7.617
1.816	7.959
1.816	7.910
1.846	8.008
1.816	8.203
1.875	8.447
1.890	8.594
1.904	8.691
1.919	8.887
1.934	9.131
1.948	9.424
1.978	9.375
1.978	9.424
2.007	9.717
2.021	9.814
2.051	9.863
2.051	10.010
2.065	10.156
2.051	10.400
2.095	10.449
2.109	10.547
2.109	10.547
2.139	10.742
2.139	10.937
2.153	11.084
2.168	11.133
2.197	11.328
2.212	11.475
2.241	11.670
2.241	11.816
2.271	11.963
2.285	12.012
2.285	12.012
2.300	12.354
2.314	12.354
2.329	12.451
2.329	12.598
2.358	12.891
2.373	13.184
2.358	13.086
2.417	13.086
2.432	13.428
2.446	13.672
2.446	13.770
2.505	13.867
2.505	13.916
2.505	14.209
2.520	14.160
2.549	14.502
2.563	14.453
2.563	14.844
2.578	14.746
2.593	15.186
2.607	15.088
2.637	15.332
2.651	15.332
2.666	15.332
2.666	15.674
2.695	15.869
2.725	16.016
2.725	15.967
2.754	16.455
2.754	16.357
2.783	16.602
2.783	16.846
2.812	16.846
2.827	17.187
2.856	17.139
2.856	17.578
2.900	17.627
2.886	17.725
2.886	17.773
2.915	17.969
2.930	18.018
2.944	18.359
2.944	18.506
2.959	18.457
3.003	18.750
3.003	18.750
3.032	18.994
3.091	19.141
3.062	19.287
3.047	19.482
3.076	19.678
3.105	19.580
3.120	19.531
3.120	20.264
3.179	20.166
3.164	20.410
3.179	20.410
3.193	20.459
3.223	20.654
3.252	20.947
3.281	20.850
3.281	21.338
3.296	21.289
3.281	21.631
3.311	21.680
3.325	21.777
3.369	21.973
3.384	22.070
3.354	22.168
3.413	22.266
3.398	22.559
3.457	22.803
3.457	22.852
3.457	22.803
3.472	23.096
3.516	23.291
3.530	23.486
3.545	23.193
3.560	23.779
3.574	23.779
3.574	23.828
3.589	24.023
3.618	24.072
3.647	24.463
3.662	24.512
3.677	24.609
3.677	24.707
3.691	24.854
3.706	25.049
3.735	24.951
3.721	25.098
3.750	25.391
3.765	25.098
3.853	25.635
3.779	25.977
3.838	25.635
3.809	26.025
3.882	26.221
3.882	26.318
3.940	26.514
3.926	26.562
3.926	26.514
3.955	26.855
3.955	26.953
3.970	26.855
3.984	27.148
4.028	27.246
4.043	27.490
4.043	27.441
4.058	27.686
4.087	27.637
4.072	27.832
4.102	27.881
4.131	28.223
4.116	28.174
4.160	28.174
4.175	28.223
4.204	28.223
4.219	28.125
4.219	28.467
4.233	28.711
4.248	28.662
4.248	28.662
4.277	28.955
4.307	28.955
4.307	29.004
4.292	29.102
4.336	29.199
4.351	29.199
4.380	29.443
4.395	29.297
4.380	29.736
4.409	29.785
4.468	29.736
4.468	29.932
4.482	30.078
4.482	30.273
4.512	30.371
4.497	30.469
4.556	30.566
4.570	30.713
4.570	31.006
4.585	30.859
4.600	31.055
4.644	30.957
4.629	31.152
4.629	31.348
4.644	31.299
4.673	31.494
4.702	31.348
4.702	31.543
4.731	31.689
4.746	31.787
4.761	31.982
4.761	32.227
4.834	32.031
4.775	32.324
4.819	32.568
4.863	32.422
4.849	32.520
4.878	32.764
4.893	32.812
4.907	32.959
4.922	32.764
4.937	33.057
4.980	33.252
4.966	33.252
4.980	33.545
5.010	33.398
5.054	33.594
5.039	33.789
5.054	33.887
5.068	33.887
5.098	33.789
5.098	34.180
5.112	34.180
5.142	34.131
5.098	34.570
5.156	34.424
5.156	34.570
5.200	34.619
5.215	34.863
5.200	34.961
5.317	34.912
5.273	35.205
5.288	35.205
5.288	35.352
5.317	35.400
5.347	35.254
5.391	35.498
5.361	35.645
5.391	35.791
5.391	35.840
5.405	35.986
5.435	35.986
5.449	36.035
5.449	36.133
5.493	36.621
5.479	36.475
5.522	36.523
5.522	36.670
5.537	36.279
5.552	35.986
5.610	36.035
5.596	35.840
5.625	35.693
5.654	35.693
5.640	35.937
5.654	35.742
5.684	35.498
5.684	34.717
5.713	34.668
5.742	34.717
5.742	34.766
5.757	34.961
5.757	35.010
5.815	35.107
5.801	35.156
5.830	35.400
5.845	35.547
5.859	35.596
5.874	35.840
5.903	35.791
5.918	36.133
5.918	36.035
5.933	36.328
5.962	36.621
5.962	36.670
5.991	36.670
6.035	36.768
6.021	37.061
6.079	36.816
6.035	37.109
6.079	37.207
6.094	37.061
6.123	37.402
6.167	37.646
6.152	37.744
6.167	37.891
6.182	38.135
6.196	38.232
6.211	38.037
6.240	38.184
6.270	38.232
6.270	38.281
6.270	38.574
6.299	38.574
6.313	38.721
6.343	38.867
6.343	38.916
6.343	39.209
6.387	39.160
6.387	39.160
6.431	39.307
6.445	39.648
6.431	39.600
6.460	39.648
6.489	39.990
6.504	40.088
6.548	40.283
6.562	40.479
6.562	40.723
6.592	40.723
6.606	40.869
6.621	40.674
6.636	40.576
6.680	40.723
6.680	40.967
6.680	41.113
6.709	41.016
6.724	41.260
6.797	41.064
6.753	40.723
6.768	34.912
6.797	34.424
6.826	35.010
6.841	35.400
6.841	35.498
6.855	35.742
6.885	36.230
6.899	36.133
6.929	36.475
6.914	36.572
6.929	36.816
6.958	37.012
6.973	37.207
6.943	37.305
6.973	37.158
7.031	37.695
7.046	37.842
7.061	38.135
7.061	38.281
7.090	38.281
7.134	38.770
7.119	38.721
7.148	38.916
7.207	38.965
7.207	39.209
7.207	39.355
7.222	39.502
7.222	39.551
7.266	39.844
7.280	39.893
7.295	40.088
7.310	40.186
7.310	40.381
7.354	40.576
7.383	40.674
7.397	40.869
7.397	41.113
7.412	41.211
7.427	41.406
7.456	41.309
7.456	41.602
7.485	41.699
7.500	41.943
7.500	41.992
7.515	42.285
7.573	42.236
7.573	42.480
7.603	42.480
7.573	42.529
7.632	42.725
7.646	42.871
7.646	43.018
7.690	43.262
7.705	43.408
7.705	43.750
7.734	43.848
7.764	44.043
7.749	43.994
7.764	44.336
7.808	44.482
7.822	44.727
7.837	44.629
7.852	44.922
7.866	45.068
7.866	45.215
7.910	45.557
7.925	45.605
7.939	45.654
7.969	45.752
8.013	45.898
8.013	46.484
8.042	46.533
8.042	46.436
8.071	46.436
8.071	46.680
8.086	46.729
8.101	46.631
8.115	41.357
8.130	41.016
8.174	41.553
8.188	41.602
8.203	42.041
8.218	42.041
8.232	42.285
8.203	42.578
8.247	42.578
8.306	43.018
8.291	43.066
8.291	43.408
8.350	43.701
8.350	43.945
8.379	44.092
8.394	44.336
8.394	44.482
8.408	44.971
8.452	45.264
8.467	45.312
8.481	45.459
8.496	45.508
8.496	45.703
8.525	45.947
8.555	46.191
8.584	46.387
8.584	46.729
8.613	46.826
8.643	46.924
8.657	47.168
8.672	47.461
8.643	47.754
8.687	47.900
8.716	47.998
8.730	48.291
8.760	48.535
8.745	48.779
8.789	48.877
8.833	49.121
8.833	49.561
8.833	49.658
8.906	49.854
8.877	49.951
8.892	50.244
8.921	50.391
8.936	50.537
8.965	50.537
8.979	51.074
8.979	50.879
9.023	51.123
9.038	51.318
9.097	51.611
9.082	51.807
9.097	52.100
9.111	52.148
9.141	52.393
9.141	52.588
9.170	52.783
9.155	53.174
9.214	52.979
9.229	44.922
9.243	1.562
9.258	-1.123
9.316	0.293
9.331	0.098
9.316	0.244
9.316	-0.146
9.360	0.146
9.375	0.195
9.390	0.049
9.404	0.195
9.434	-0.049
9.448	-0.049
9.463	-0.049
9.478	0.049
9.492	0.098
9.521	-0.098
9.551	0.098
9.565	0.146
9.565	0.049
9.551	0.244
9.609	-0.098
9.639	0.244
9.639	0.049
9.683	0.098
9.741	0.049
9.712	0.098
9.741	0.244
9.756	0.049
9.771	0.293
9.756	0.195
9.814	0.000
9.829	0.195
9.858	0.000
9.873	0.000
9.888	0.293
9.902	-0.195
9.873	0.000
9.917	0.049
9.961	-0.049
9.946	0.195
9.990	0.000
10.020	-0.049
10.034	-0.146
10.049	0.000
10.078	-0.146
10.093	-0.098
10.107	-0.049
10.122	0.049
10.166	-0.244
10.166	-0.098
10.181	-0.195
10.151	-0.049
10.210	0.146
10.239	0.049
10.254	0.000
10.254	0.146
10.298	0.000
10.312	0.195
10.298	0.146
10.298	0.146
10.298	0.146
10.283	0.098
10.298	-0.049
10.298	0.098
10.283	0.195
10.269	0.049
10.312	0.098
10.298	-0.146
10.283	0.000
10.269	0.049
10.298	-0.049
10.298	0.098
10.298	0.049
10.298	0.293
10.283	0.049
10.298	0.146
10.283	0.146
10.298	0.244
10.298	0.000
10.283	0.049
10.298	0.049
10.298	0.098
10.298	0.000
10.269	0.000
10.298	0.098
10.298	0.049
10.298	0.342
10.283	0.098
10.312	0.049
10.312	-0.098
10.298	0.000
10.269	-0.098
10.298	0.098
10.298	0.049
10.298	0.000
10.298	0.049
10.312	0.049
10.283	-0.049
10.298	0.000
10.269	0.146
10.298	0.146
10.327	-0.098
10.298	0.049
10.312	-0.244
10.298	0.000
10.312	-0.098
10.298	0.146
10.269	-0.098
10.298	0.049
10.298	0.049
10.283	0.146
10.298	0.195
10.312	0.098
10.283	0.098
