0.029	0.000
0.073	0.049
0.000	0.000
0.059	0.000
0.059	0.000
0.059	0.000
0.073	0.195
0.088	-0.049
0.146	0.098
0.117	0.146
0.146	0.195
0.161	-0.098
0.176	0.098
0.176	0.195
0.176	-0.049
0.205	-0.146
0.234	0.049
0.249	0.000
0.234	0.195
0.264	0.000
0.278	0.000
0.293	0.049
0.322	0.000
0.322	0.195
0.322	0.049
0.337	-0.049
0.308	0.098
0.381	0.146
0.381	-0.049
0.410	0.000
0.425	-0.049
0.425	-0.098
0.425	0.049
0.469	0.098
0.469	0.098
0.483	-0.098
0.498	-0.098
0.498	0.146
0.469	0.049
0.513	0.098
0.542	0.000
0.542	0.195
0.542	0.000
0.586	-0.049
0.630	0.049
0.601	0.098
0.630	0.195
0.659	-0.049
0.645	0.195
0.630	-0.049
0.630	0.195
0.674	0.195
0.688	0.146
0.732	0.146
0.718	0.049
0.747	0.146
0.747	0.049
0.747	0.098
0.791	0.244
0.806	0.098
0.820	0.146
0.806	0.098
0.835	0.049
0.835	0.146
0.864	0.000
0.879	0.146
0.894	0.293
0.879	0.146
0.908	0.049
0.937	0.195
0.952	0.244
0.967	0.098
0.967	0.195
0.996	0.146
1.011	0.146
0.996	0.146
1.025	0.000
1.025	0.049
1.040	0.000
1.069	-0.049
1.099	0.098
1.055	0.049
1.099	0.146
1.128	0.000
1.113	0.293
1.157	0.146
1.172	0.098
1.201	0.000
1.187	0.000
1.216	-0.049
1.245	0.049
1.245	0.098
1.260	-0.049
1.274	0.049
1.289	0.098
1.289	0.146
1.318	0.049
1.318	0.195
1.348	0.244
1.377	0.049
1.318	-0.049
1.392	0.146
1.392	0.244
1.421	0.146
1.450	0.049
1.465	0.146
1.436	0.098
1.494	0.146
1.494	0.195
1.509	0.195
1.523	0.293
1.553	0.293
1.553	0.098
1.582	0.098
1.582	0.195
1.611	0.049
1.597	0.049
1.641	0.244
1.655	0.146
1.685	0.293
1.670	0.293
1.685	0.244
1.729	0.195
1.729	0.293
1.729	0.342
1.729	0.244
1.743	0.342
1.772	0.244
1.802	0.342
1.816	0.439
1.846	0.244
1.846	0.293
1.860	0.391
1.875	0.293
1.904	0.537
1.904	0.439
1.978	0.293
1.992	0.488
1.992	0.439
1.992	0.537
2.036	0.488
2.021	0.586
2.036	0.586
2.065	0.391
2.080	0.488
2.051	0.488
2.095	0.635
2.095	0.537
2.124	0.537
2.139	0.684
2.168	0.439
2.183	0.684
2.212	0.586
2.197	0.684
2.227	0.586
2.227	0.684
2.212	0.488
2.271	0.732
2.285	0.586
2.285	0.635
2.300	0.732
2.314	0.781
2.344	0.781
2.329	0.830
2.373	0.830
2.417	0.928
2.373	0.928
2.432	1.123
2.461	1.074
2.476	1.074
2.490	1.123
2.476	0.879
2.534	0.977
2.549	1.025
2.549	1.172
2.578	1.221
2.578	1.562
2.593	1.318
2.607	1.221
2.666	1.318
2.666	1.318
2.666	1.416
2.666	1.465
2.695	1.416
2.695	1.660
2.739	1.465
2.754	1.562
2.754	1.611
2.754	1.611
2.769	1.709
2.827	1.709
2.827	1.807
2.842	1.904
2.856	1.758
2.871	2.002
2.900	2.002
2.915	2.197
2.915	2.246
2.915	2.490
2.944	2.490
2.944	2.539
2.988	2.441
2.988	2.734
3.032	2.490
3.018	2.588
3.062	2.637
3.076	2.539
3.062	2.539
3.091	2.686
3.076	2.588
3.149	2.930
3.149	2.979
3.179	2.979
3.149	2.979
3.179	2.930
3.193	2.979
3.223	3.125
3.267	3.223
3.281	3.320
3.267	3.320
3.325	3.369
3.340	3.418
3.354	3.760
3.369	3.662
3.369	3.711
3.398	3.711
3.384	3.955
3.428	3.857
3.442	3.955
3.457	4.004
3.457	3.809
3.501	3.857
3.501	3.906
3.501	4.004
3.501	4.150
3.574	4.199
3.574	4.150
3.574	4.297
3.589	4.297
3.618	4.297
3.633	4.346
3.691	4.248
3.691	4.395
3.677	4.639
3.691	4.590
3.721	4.297
3.750	4.736
3.750	4.785
3.765	4.639
3.794	4.785
3.794	4.834
3.794	4.785
3.838	4.980
3.853	5.078
3.853	5.273
3.867	4.932
3.896	5.176
3.926	5.225
3.955	5.322
3.955	5.322
3.970	5.371
3.984	5.127
3.999	5.566
4.014	5.566
4.028	5.664
4.043	5.859
4.058	6.006
4.087	5.713
4.087	5.908
4.116	5.762
4.146	5.859
4.146	5.859
4.131	6.055
4.175	6.055
4.175	6.006
4.189	6.152
4.233	6.152
4.233	6.006
4.277	6.250
4.233	6.201
4.307	6.250
4.292	6.396
4.321	6.396
4.321	6.445
4.336	6.396
4.365	6.543
4.380	6.641
4.380	6.689
4.395	6.689
4.395	6.738
4.424	6.787
4.453	6.543
4.468	6.543
4.497	6.738
4.482	6.934
4.541	6.836
4.556	7.080
4.570	6.982
4.570	7.324
4.585	7.178
4.600	7.080
4.629	7.275
4.644	7.129
4.644	7.275
4.658	7.275
4.687	7.373
4.687	7.227
4.702	7.324
4.746	7.471
4.746	7.471
4.746	7.520
4.790	7.471
4.761	7.666
4.805	7.715
4.819	7.715
4.834	7.617
4.849	7.715
4.863	7.861
4.893	8.008
4.893	7.910
4.907	7.812
4.937	8.008
4.937	7.910
4.980	7.910
5.010	8.057
5.010	8.105
5.024	8.057
5.039	8.154
5.039	8.203
5.054	8.154
5.068	8.203
5.112	8.301
5.142	8.105
5.142	8.203
5.156	8.447
5.156	8.301
5.186	8.398
5.186	8.301
5.200	8.496
5.186	8.447
5.244	8.301
5.229	8.545
5.259	8.594
5.244	8.691
5.317	8.643
5.303	8.545
5.376	8.838
5.361	8.740
5.376	8.740
5.376	8.594
5.391	8.838
5.420	8.789
5.435	8.887
5.435	8.984
5.449	8.838
5.479	8.984
5.479	8.936
5.493	9.180
5.522	9.033
5.537	9.082
5.566	8.984
5.537	9.229
5.596	9.180
5.610	9.033
5.640	9.229
5.625	9.229
5.654	9.229
5.669	9.277
5.669	9.229
5.698	9.424
5.713	9.229
5.728	9.229
5.786	1.514
5.771	-0.342
5.771	0.000
5.801	0.146
5.815	0.049
5.830	0.000
5.845	0.049
5.845	0.146
5.918	0.000
5.889	0.000
5.933	-0.049
5.918	-0.146
5.947	0.098
5.962	0.000
5.977	0.000
5.991	0.098
6.021	0.000
6.035	-0.098
6.064	0.195
6.064	-0.195
6.079	0.000
6.094	0.049
6.108	-0.195
6.152	-0.049
6.167	-0.049
6.167	0.000
6.196	0.098
6.196	-0.049
6.196	0.049
6.226	0.049
6.240	0.000
6.270	0.000
6.284	-0.146
6.299	0.049
6.299	-0.049
6.328	-0.244
6.372	0.244
6.357	0.098
6.357	0.049
6.387	-0.146
6.357	0.146
6.416	-0.049
6.387	0.000
6.372	0.000
6.401	0.049
6.387	0.000
6.372	-0.146
6.387	0.000
6.387	-0.098
6.387	0.098
6.387	0.098
6.416	-0.342
6.357	0.146
6.401	0.049
6.387	0.146
6.431	0.098
6.431	0.049
6.401	0.049
6.401	0.000
6.372	0.195
6.387	0.049
6.387	0.000
6.387	-0.098
6.387	-0.098
6.401	0.098
6.387	-0.049
6.357	0.049
6.387	0.293
6.387	0.049
6.387	0.000
6.401	-0.195
6.401	-0.049
6.401	-0.049
6.387	0.049
6.387	0.049
6.372	0.000
6.387	-0.049
6.372	0.000
6.387	0.098
6.387	0.146
6.387	0.049
6.387	0.049
6.387	0.000
6.372	0.049
6.401	-0.049
6.416	0.293
6.401	0.000
6.372	0.000
6.387	0.000
6.401	0.098
6.357	0.000
6.387	-0.146
6.387	0.000
6.387	-0.049
6.387	0.000
6.387	0.098
6.387	0.000
6.387	-0.049
6.387	0.098
6.343	-0.098
6.401	0.146
6.401	0.098
6.387	0.049
6.387	0.195
6.387	-0.049
6.372	0.146
6.387	0.000
6.401	0.000
6.401	-0.049
6.387	0.000
6.372	0.244
6.328	-0.049
6.401	0.146
6.387	-0.049
6.387	0.000
6.343	0.049
6.431	-0.146
6.387	-0.049
6.401	0.049
6.401	0.000
6.401	0.098
6.387	-0.049
6.387	-0.098
6.387	0.146
6.387	-0.098
6.387	0.049
6.387	-0.098
6.401	0.195
6.387	0.000
6.387	0.000
6.387	0.000
6.431	-0.195
6.387	-0.098
6.387	0.000
6.387	-0.098
6.372	-0.049
6.445	0.000
6.387	0.049
6.387	-0.049
6.387	0.049
6.401	0.000
6.387	-0.049
6.387	0.098
6.372	0.098
6.401	-0.098
6.387	-0.049
6.387	0.000
6.401	-0.049
6.401	0.098
6.387	0.000
6.372	0.000
