0.029	0.244
0.044	0.049
0.059	0.244
0.029	0.244
0.029	0.391
0.059	0.391
0.029	0.195
0.015	0.098
0.044	0.391
0.059	0.195
0.073	0.049
0.088	0.195
0.073	0.391
0.103	0.146
0.146	0.293
0.146	0.293
0.161	0.342
0.161	0.098
0.132	0.293
0.176	0.342
0.161	0.439
0.220	0.391
0.234	0.342
0.234	0.342
0.249	0.488
0.278	0.635
0.308	0.293
0.278	0.488
0.322	0.488
0.293	0.488
0.337	0.342
0.337	0.488
0.352	0.391
0.366	0.439
0.396	0.586
0.396	0.830
0.425	0.635
0.439	0.537
0.454	0.635
0.454	0.684
0.469	0.732
0.469	0.684
0.469	0.781
0.498	0.830
0.527	0.781
0.542	0.977
0.542	0.830
0.601	0.879
0.557	0.928
0.586	1.025
0.615	1.221
0.630	1.025
0.630	0.781
0.645	1.221
0.674	1.172
0.674	1.221
0.703	1.270
0.718	1.367
0.718	1.416
0.732	1.514
0.762	1.611
0.791	1.514
0.791	1.807
0.820	1.611
0.850	1.709
0.850	1.904
0.850	1.855
0.850	1.807
0.908	1.855
0.879	1.904
0.923	1.855
0.923	1.904
0.937	2.051
0.952	2.100
0.967	2.295
0.981	2.295
1.011	2.441
1.011	2.441
1.040	2.539
1.055	2.539
1.040	2.686
1.099	2.734
1.099	2.783
1.143	2.832
1.187	2.930
1.157	2.979
1.187	3.027
1.201	3.174
1.216	3.320
1.245	3.369
1.245	3.613
1.274	3.564
1.260	3.613
1.289	3.516
1.304	3.809
1.304	3.906
1.304	3.857
1.348	3.809
1.377	3.955
1.377	4.053
1.406	4.199
1.450	4.053
1.436	4.248
1.436	4.492
1.450	4.639
1.479	4.541
1.509	4.590
1.509	4.687
1.538	5.029
1.553	4.834
1.538	4.932
1.582	5.225
1.597	5.078
1.597	5.176
1.611	5.127
1.641	4.932
1.641	5.127
1.655	5.420
1.655	5.176
1.699	5.566
1.714	5.615
1.729	5.713
1.772	5.762
1.758	6.104
1.772	5.859
1.802	5.957
1.816	5.908
1.846	6.006
1.860	6.250
1.846	6.152
1.860	6.396
1.890	6.494
1.919	6.396
1.934	6.787
1.919	6.689
1.963	6.689
1.978	6.836
1.963	6.885
1.978	6.836
2.007	7.080
2.065	7.129
2.065	7.227
2.080	7.373
2.095	7.227
2.109	7.275
2.139	7.568
2.153	7.666
2.153	7.617
2.183	7.617
2.168	7.666
2.227	7.812
2.212	7.715
2.227	7.910
2.271	7.812
2.256	8.057
2.271	8.154
2.300	8.105
2.300	8.203
2.314	8.398
2.329	8.203
2.344	8.447
2.373	8.350
2.388	8.398
2.388	8.594
2.402	8.691
2.432	8.691
2.446	8.740
2.446	8.887
2.461	8.984
2.476	8.936
2.490	8.887
2.490	8.887
2.520	9.033
2.534	9.277
2.578	9.082
2.578	9.131
2.593	9.277
2.607	9.277
2.622	9.424
2.622	9.326
2.666	9.473
2.666	9.473
2.666	9.326
2.695	9.668
2.695	9.766
2.725	9.521
2.739	9.717
2.754	9.814
2.769	9.912
2.783	10.010
2.798	9.814
2.827	9.863
2.812	10.107
2.827	10.156
2.871	10.059
2.886	10.156
2.886	10.303
2.915	10.205
2.930	10.352
2.944	10.498
2.944	10.645
2.974	10.596
3.003	10.547
3.018	10.693
3.018	10.693
3.032	10.889
3.003	10.693
3.062	11.084
3.091	10.693
3.091	10.937
3.105	10.889
3.135	11.035
3.149	11.182
3.164	11.230
3.193	11.182
3.193	11.084
3.223	10.986
3.237	11.572
3.237	11.377
3.267	11.475
3.267	11.621
3.296	11.523
3.281	11.621
3.325	11.475
3.325	11.719
3.340	11.719
3.369	11.768
3.354	11.816
3.398	11.865
3.413	11.865
3.442	11.914
3.442	12.061
3.472	12.158
3.472	12.109
3.486	12.158
3.516	12.158
3.530	12.500
3.545	12.354
3.545	12.256
3.545	12.402
3.560	12.305
3.618	12.402
3.662	12.646
3.662	12.598
3.647	12.305
3.677	12.549
3.706	12.744
3.750	12.695
3.721	12.891
3.750	12.988
3.735	12.939
3.779	12.939
3.779	13.086
3.794	13.037
3.823	13.086
3.853	13.135
3.867	13.184
3.867	13.281
3.853	13.232
3.896	13.281
3.940	13.379
3.955	13.330
3.970	13.135
3.970	13.428
3.999	13.379
3.970	13.477
4.014	13.623
4.058	13.623
4.043	13.721
4.072	13.623
4.087	13.623
4.087	13.721
4.160	13.867
4.175	13.818
4.146	13.525
4.160	14.014
4.189	14.014
4.204	13.916
4.204	14.062
4.248	14.209
4.233	14.209
4.263	14.355
4.277	14.307
4.277	14.404
4.292	14.062
4.307	14.404
4.321	14.355
4.351	14.502
4.365	14.307
4.380	14.551
4.395	14.502
4.409	14.453
4.453	14.746
4.468	14.941
4.438	14.697
4.468	14.648
4.482	14.648
4.512	14.990
4.541	14.746
4.541	14.844
4.556	14.990
4.570	14.893
4.614	15.186
4.600	14.990
4.600	15.234
4.629	15.186
4.644	15.234
4.644	15.186
4.673	15.283
4.702	15.283
4.702	15.283
4.746	15.332
4.731	15.381
4.790	15.381
4.790	15.479
4.761	15.479
4.805	15.381
4.849	15.527
4.834	15.479
4.863	15.674
4.863	15.625
4.893	15.674
4.907	15.723
4.907	15.674
4.922	15.625
4.966	15.820
4.966	15.820
4.980	15.967
4.995	16.016
4.980	16.016
5.024	15.967
5.024	16.113
5.054	15.967
5.068	16.211
5.098	16.113
5.112	15.967
5.127	16.162
5.142	16.211
5.171	16.113
5.200	16.113
5.186	16.064
5.200	16.406
5.215	16.357
5.244	16.406
5.244	16.504
5.259	16.406
5.273	16.455
5.288	16.455
5.376	16.309
5.332	16.553
5.347	16.602
5.361	16.602
5.361	16.699
5.391	16.846
5.405	16.748
5.435	16.943
5.449	16.846
5.449	16.943
5.464	16.748
5.493	16.943
5.508	16.992
5.522	16.992
5.537	16.992
5.552	17.041
5.552	17.187
5.566	16.992
5.596	17.334
5.625	17.236
5.640	17.334
5.654	17.480
5.669	17.334
5.698	17.334
5.684	17.432
5.728	17.432
5.728	17.480
5.771	17.529
5.771	17.480
5.786	17.529
5.771	17.773
5.801	17.676
5.845	17.676
5.830	17.920
5.859	17.725
5.889	17.920
5.874	17.676
5.903	17.822
5.918	17.969
5.962	18.066
5.947	17.969
5.962	17.920
6.035	17.969
6.021	18.018
6.050	18.115
6.050	18.018
6.064	18.164
6.079	18.213
6.108	18.311
6.094	18.311
6.152	18.359
6.167	18.457
6.167	18.457
6.211	18.457
6.196	18.506
6.211	18.604
6.226	18.359
6.240	18.506
6.299	18.652
6.284	18.701
6.299	18.604
6.299	18.652
6.343	18.848
6.357	18.799
6.357	18.848
6.401	18.799
6.387	18.945
6.431	19.141
6.445	19.043
6.460	19.238
6.475	18.994
6.475	19.189
6.489	18.896
6.533	19.238
6.504	19.336
6.562	19.287
6.548	19.287
6.592	19.482
6.606	19.580
6.621	19.434
6.621	19.531
6.636	19.678
6.709	19.580
6.665	19.824
6.694	19.629
6.724	19.775
6.738	19.727
6.768	19.971
6.768	19.775
6.797	19.775
6.797	19.971
6.826	20.215
6.841	20.215
6.855	20.117
6.870	20.166
6.885	20.264
6.914	20.215
6.943	20.166
6.943	20.459
6.958	20.361
6.958	20.264
7.002	20.410
7.017	20.557
7.002	20.557
7.061	20.752
7.075	20.752
7.090	20.752
7.104	20.557
7.119	20.703
7.104	20.996
7.148	20.996
7.163	21.191
7.192	21.143
7.222	21.094
7.222	21.191
7.251	21.191
7.251	21.289
7.295	21.240
7.295	21.338
7.324	21.338
7.383	21.387
7.339	21.582
7.324	21.436
7.383	21.631
7.397	21.533
7.427	21.680
7.412	21.826
7.427	21.973
7.485	21.826
7.485	21.826
7.515	21.826
7.529	21.826
7.515	21.826
7.559	21.973
7.559	22.168
7.603	22.217
7.603	22.217
7.661	22.363
7.646	22.217
7.661	22.510
7.676	22.412
7.705	22.559
7.720	22.607
7.749	22.705
7.749	22.803
7.749	22.607
7.793	22.656
7.793	22.852
7.837	22.949
7.837	22.900
7.852	23.047
7.881	23.145
7.896	23.096
7.925	23.291
7.925	23.242
7.925	23.291
7.954	23.389
7.969	23.389
7.998	23.486
8.013	23.535
8.057	23.682
8.057	23.730
8.071	23.828
8.101	23.828
8.145	23.975
8.130	23.975
8.159	23.975
8.159	24.121
8.203	24.170
8.174	24.365
8.218	24.316
8.232	24.707
8.247	24.414
8.276	24.365
8.306	24.658
8.291	24.512
8.320	24.609
8.350	24.805
8.394	24.756
8.379	24.805
8.394	24.854
8.379	25.000
8.452	25.146
8.437	25.146
8.467	25.244
8.496	25.342
8.525	25.342
8.540	25.391
8.540	25.586
8.569	25.635
8.613	25.586
8.584	25.635
8.628	25.732
8.628	25.928
8.657	25.879
8.687	26.074
8.701	25.830
8.701	26.465
8.730	26.172
8.760	26.318
8.774	26.416
8.804	26.367
8.804	26.562
8.833	26.367
8.862	26.758
8.862	26.465
8.877	26.660
8.906	27.148
8.921	26.855
8.921	27.100
8.979	27.100
8.994	27.148
9.009	27.100
9.023	27.246
9.038	27.344
9.053	27.490
9.082	27.441
9.097	27.393
9.082	27.686
9.111	27.441
9.141	27.832
9.170	28.027
9.214	27.979
9.185	28.027
9.229	28.027
9.243	28.271
9.272	28.320
9.287	27.930
9.302	28.320
9.360	28.271
9.346	28.662
9.346	28.516
9.390	28.760
9.419	28.906
9.434	28.711
9.463	29.053
9.463	29.102
9.463	29.150
9.492	29.248
9.492	29.346
9.536	29.443
9.536	29.492
9.580	29.492
9.580	29.883
9.609	29.834
9.639	29.834
9.653	29.883
9.668	30.078
9.668	29.980
9.712	30.176
9.756	30.273
9.756	30.273
9.771	30.762
9.800	30.664
9.844	30.469
9.814	30.664
9.829	30.811
9.858	30.957
9.902	30.859
9.888	30.957
9.917	31.250
9.946	31.250
9.976	31.494
9.976	31.348
10.020	31.641
10.020	31.445
10.049	31.689
10.063	31.738
10.063	31.885
10.093	31.738
10.107	31.934
10.137	32.031
10.166	31.982
10.166	32.275
10.195	32.471
10.195	32.422
10.225	32.764
10.254	32.764
10.283	32.715
10.283	32.812
10.312	32.910
10.327	33.105
10.327	33.008
10.356	33.203
10.386	33.203
10.400	33.350
10.415	33.594
10.459	33.447
10.459	33.447
10.474	33.740
10.518	33.789
10.503	33.740
10.518	34.033
10.532	34.131
10.605	34.180
10.576	34.180
10.649	34.277
10.620	34.668
10.635	34.473
10.664	34.619
10.693	34.668
10.679	34.912
10.723	35.010
10.752	34.961
10.752	35.107
10.811	35.059
10.796	35.303
10.796	35.352
10.825	35.449
10.854	35.498
10.869	35.498
10.884	35.791
10.913	35.840
10.928	36.035
10.942	36.084
10.957	35.986
11.016	36.279
11.001	36.621
11.045	36.621
11.016	36.475
11.060	36.670
11.074	36.768
11.104	36.816
11.118	36.914
11.162	37.012
11.147	37.207
11.206	37.451
11.206	37.207
11.206	37.354
11.221	37.500
11.250	37.695
11.294	37.598
11.294	37.939
11.309	37.939
11.367	38.086
11.338	38.232
11.367	38.184
11.382	38.477
11.411	38.428
11.426	38.574
11.440	38.770
11.455	38.721
11.484	38.965
11.499	38.916
11.528	39.014
11.543	39.062
11.543	39.453
11.616	39.453
11.602	39.600
11.631	39.746
11.631	39.941
11.660	39.990
11.675	39.941
11.704	40.088
11.719	39.990
11.719	40.234
11.763	40.527
11.763	40.527
11.777	40.674
11.807	40.674
11.836	13.477
11.851	-1.514
11.865	0.098
11.895	0.146
11.909	0.000
11.938	0.098
11.953	0.049
11.953	0.098
11.997	0.049
12.012	0.195
12.026	0.146
12.026	0.195
12.056	-0.098
12.070	0.098
12.100	0.049
12.129	-0.098
12.144	-0.098
12.173	-0.098
12.173	0.293
12.202	0.049
12.217	0.195
12.231	0.000
12.261	0.098
12.246	0.049
12.290	0.000
12.334	0.000
12.319	0.098
12.349	0.098
12.349	0.098
12.319	0.195
12.305	0.049
12.305	0.049
12.305	0.098
12.319	0.098
12.319	0.098
12.319	0.098
12.334	0.244
12.319	0.146
12.363	-0.049
12.319	0.049
12.319	-0.049
12.305	0.049
12.319	0.098
12.305	0.146
12.349	0.049
12.319	0.195
12.305	0.049
12.305	0.000
12.319	0.098
12.319	-0.049
12.334	0.049
12.290	0.049
12.319	0.195
12.334	0.195
12.305	0.146
12.305	0.146
12.349	0.000
12.305	0.000
12.319	0.000
12.319	0.000
12.290	-0.098
12.319	-0.049
12.305	0.000
12.363	0.000
12.305	0.195
12.305	0.146
12.305	-0.049
12.319	0.146
12.275	0.146
12.319	-0.146
12.319	0.000
12.319	0.244
12.305	0.146
12.305	0.049
12.319	0.049
12.319	0.000
12.334	0.000
12.378	0.244
12.334	0.146
12.305	0.049
12.319	0.146
12.334	0.098
12.305	0.000
12.305	0.098
12.334	0.000
12.305	0.146
12.305	0.195
12.334	0.195
12.319	0.195
12.305	0.098
12.305	0.146
12.319	0.439
12.305	0.146
12.334	0.293
12.319	0.195
12.319	-0.049
12.319	0.146
12.319	0.098
12.319	0.049
12.305	0.098
12.319	0.049
12.305	0.195
12.305	0.049
12.319	0.146
12.319	0.000
12.305	0.000
12.349	0.146
12.290	0.000
12.319	-0.098
12.319	0.098
12.305	-0.098
12.319	0.049
12.319	0.146
12.349	0.098
12.305	0.146
12.349	0.049
12.319	0.049
12.305	0.146
12.305	0.146
12.319	0.098
12.319	0.098
12.334	0.000
12.305	0.195
12.319	0.098
12.334	0.146
12.319	0.098
12.334	0.098
12.305	0.195
12.319	0.000
12.319	0.146
12.319	0.049
12.319	-0.049
12.305	0.000
12.319	-0.342
12.305	-0.098
12.305	0.244
12.319	0.098
12.319	0.049
12.319	0.049
12.305	0.000
12.305	0.146
12.319	0.049
12.319	-0.244
12.305	0.049
12.319	0.049
12.319	0.098
12.334	0.049
12.305	0.195
12.290	0.000
12.275	0.049
12.275	0.098
12.305	0.049
12.319	0.098
12.305	-0.098
12.319	0.049
12.305	0.146
12.319	0.195
12.319	0.049
12.319	0.049
12.319	0.000
12.334	0.000
12.319	0.146
12.319	0.195
12.319	0.098
