0.029	0.049
0.029	0.244
0.029	0.293
0.029	0.244
0.015	0.391
0.029	0.049
0.015	0.146
0.029	0.293
0.073	0.244
0.059	0.146
0.029	0.244
0.000	0.244
0.029	0.146
0.044	0.244
0.073	0.195
0.044	0.098
0.029	0.293
0.029	0.195
0.059	0.537
0.044	0.244
0.029	0.146
0.029	0.342
0.029	0.244
0.044	0.000
0.044	0.195
0.029	0.244
0.059	0.195
0.059	0.098
0.073	0.342
0.117	0.098
0.103	0.244
0.117	0.195
0.146	0.195
0.176	0.342
0.161	0.195
0.176	0.342
0.176	0.195
0.205	0.195
0.190	0.049
0.234	0.342
0.249	0.342
0.249	0.391
0.322	0.439
0.293	0.439
0.293	0.195
0.293	0.000
0.308	0.391
0.322	0.342
0.352	0.342
0.352	0.195
0.366	0.391
0.366	0.342
0.381	0.342
0.410	0.293
0.439	0.195
0.454	0.293
0.469	0.439
0.439	0.342
0.469	0.439
0.542	0.391
0.469	0.391
0.527	0.537
0.527	0.537
0.557	0.537
0.615	0.391
0.586	0.488
0.601	0.439
0.586	0.537
0.601	0.488
0.630	0.342
0.630	0.537
0.659	0.342
0.674	0.635
0.674	0.684
0.688	0.391
0.703	0.586
0.718	0.635
0.732	0.391
0.762	0.586
0.776	0.586
0.762	0.586
0.820	0.635
0.776	0.684
0.820	0.830
0.850	0.684
0.850	0.879
0.864	0.635
0.879	0.488
0.908	0.684
0.894	0.781
0.923	0.879
0.894	0.732
0.937	0.781
0.967	0.977
0.981	0.879
0.996	0.830
1.025	1.025
1.040	1.025
1.069	0.977
1.099	1.221
1.084	0.879
1.084	0.879
1.099	1.123
1.157	1.221
1.128	1.270
1.172	1.172
1.172	0.977
1.216	1.318
1.216	1.123
1.245	1.270
1.260	1.221
1.245	1.367
1.274	1.318
1.289	1.367
1.318	1.416
1.348	1.660
1.362	1.465
1.392	1.562
1.392	1.611
1.406	1.611
1.421	1.855
1.450	1.611
1.509	1.709
1.509	1.855
1.509	1.953
1.509	1.855
1.523	1.709
1.509	1.904
1.553	1.904
1.553	2.148
1.597	2.100
1.611	2.100
1.626	2.100
1.626	2.148
1.641	2.197
1.670	2.295
1.685	2.344
1.685	2.344
1.729	2.393
1.743	2.441
1.743	2.588
1.772	2.539
1.787	2.539
1.772	2.344
1.816	2.734
1.860	2.490
1.846	2.686
1.875	2.930
1.890	2.832
1.904	2.930
1.904	3.027
1.948	3.027
1.963	2.979
1.992	3.174
1.992	3.174
2.007	3.320
2.080	3.320
2.051	3.369
2.065	3.320
2.065	3.223
2.109	3.369
2.109	3.320
2.139	3.711
2.139	3.320
2.153	3.613
2.168	3.516
2.168	3.662
2.241	3.613
2.212	3.711
2.241	3.760
2.212	3.809
2.271	4.004
2.285	3.809
2.314	3.809
2.329	3.955
2.344	3.955
2.358	3.955
2.358	4.150
2.388	4.053
2.373	4.199
2.402	4.199
2.446	4.199
2.432	4.492
2.446	4.248
2.461	4.443
2.505	4.395
2.505	4.395
2.520	4.443
2.534	4.395
2.534	4.443
2.520	4.443
2.578	4.590
2.593	4.590
2.578	4.687
2.622	4.736
2.622	4.785
2.637	4.883
2.666	4.785
2.681	4.834
2.710	4.883
2.695	4.834
2.725	4.883
2.739	4.932
2.769	5.127
2.754	5.127
2.769	5.127
2.812	5.127
2.812	5.469
2.842	5.225
2.842	5.127
2.856	5.371
2.842	5.371
2.886	5.469
2.900	5.273
2.915	5.469
2.959	5.566
2.944	5.371
2.974	5.469
2.988	5.664
3.018	5.713
3.018	5.615
3.076	5.762
3.062	5.566
3.076	5.859
3.076	5.811
3.091	5.859
3.105	5.859
3.105	5.957
3.149	5.859
3.149	5.957
3.149	5.908
3.179	6.006
3.193	6.104
3.237	6.055
3.252	6.055
3.252	6.250
3.311	6.250
3.296	6.445
3.281	6.299
3.340	6.396
3.325	6.641
3.369	6.396
3.369	6.396
3.398	6.592
3.413	6.445
3.398	6.592
3.457	6.934
3.457	6.641
3.472	6.689
3.457	6.738
3.501	6.689
3.516	6.738
3.530	6.543
3.516	6.836
3.560	6.787
3.574	7.178
3.574	6.982
3.604	7.129
3.647	6.982
3.633	7.080
3.647	7.275
3.691	7.178
3.691	7.275
3.706	7.129
3.735	7.178
3.721	7.080
3.765	7.227
3.794	7.178
3.794	7.275
3.794	7.324
3.838	7.324
3.838	7.373
3.853	7.422
3.853	7.520
3.911	7.422
3.896	7.520
3.926	7.520
3.955	7.617
3.940	7.568
3.970	7.617
3.999	7.617
3.999	7.715
4.043	7.617
4.058	7.666
4.072	7.910
4.043	7.861
4.116	7.861
4.102	7.959
4.116	7.861
4.131	7.812
4.131	7.861
4.175	8.105
4.189	8.105
4.219	7.910
4.219	8.057
4.233	7.959
4.248	8.105
4.292	8.057
4.248	8.057
4.292	8.301
4.336	8.301
4.321	8.252
4.380	8.301
4.351	8.008
4.365	8.398
4.380	8.252
4.395	8.545
4.409	8.154
4.424	8.252
4.438	8.350
4.453	8.447
4.482	8.350
4.497	8.594
4.497	8.643
4.526	8.789
4.570	8.643
4.556	8.594
4.600	8.643
4.600	8.545
4.614	8.643
4.614	8.203
4.614	8.594
4.644	8.740
4.658	8.789
4.673	8.789
4.702	8.887
4.717	8.789
4.731	8.838
4.731	8.838
4.761	8.643
4.775	8.887
4.775	8.984
4.805	8.838
4.819	8.936
4.849	8.691
4.849	8.984
4.849	8.936
4.878	8.594
4.893	8.838
4.907	9.082
4.922	8.838
4.937	9.082
4.937	9.033
4.980	9.131
4.980	8.936
5.010	9.082
4.980	9.180
5.024	9.277
5.054	9.277
5.068	9.180
5.068	9.229
5.112	9.619
5.112	9.326
5.156	9.229
5.186	9.375
5.156	9.326
5.186	9.473
5.215	9.473
5.215	9.277
5.229	9.521
5.259	9.521
5.259	9.570
5.317	9.424
5.288	9.473
5.288	9.473
5.332	9.619
5.347	9.570
5.361	9.424
5.361	9.473
5.376	9.326
5.435	9.668
5.435	9.570
5.435	9.619
5.449	9.912
5.464	9.717
5.479	9.717
5.552	9.570
5.552	9.668
5.552	9.766
5.522	9.863
5.581	10.010
5.596	9.814
5.596	9.814
5.654	9.863
5.640	9.961
5.698	10.107
5.654	9.814
5.669	9.814
5.713	10.010
5.669	10.010
5.742	10.059
5.742	10.156
5.757	9.961
5.801	10.156
5.786	10.205
5.801	10.010
5.830	10.156
5.845	10.205
5.845	10.205
5.889	10.156
5.918	10.156
5.903	10.498
5.918	10.352
5.991	10.107
5.991	10.107
5.991	10.254
5.991	10.205
6.006	10.498
6.035	10.449
6.050	10.400
6.079	10.400
6.079	10.352
6.108	10.400
6.123	10.449
6.138	10.645
6.167	10.400
6.167	10.547
6.167	10.498
6.196	10.645
6.226	10.449
6.226	10.596
6.240	10.693
6.284	10.596
6.284	10.742
6.299	10.791
6.328	10.498
6.328	10.840
6.343	10.547
6.372	10.889
6.401	10.889
6.431	10.889
6.416	10.986
6.416	10.937
6.445	11.035
6.475	11.133
6.504	10.986
6.519	10.889
6.533	10.937
6.548	11.133
6.577	11.035
6.577	11.230
6.577	11.035
6.621	11.328
6.592	11.230
6.636	11.328
6.650	11.133
6.636	11.182
6.724	11.182
6.724	11.133
6.753	11.279
6.753	11.328
6.768	11.328
6.782	11.426
6.797	11.279
6.768	11.426
6.826	11.230
6.841	11.377
6.885	11.426
6.885	11.328
6.943	11.523
6.929	11.182
6.943	11.523
6.973	11.572
6.973	11.572
6.987	11.621
6.987	11.670
7.002	11.523
7.046	11.768
7.075	11.670
7.090	11.670
7.075	11.914
7.090	11.523
7.134	11.816
7.134	11.816
7.192	11.816
7.178	11.865
7.192	11.816
7.207	11.816
7.266	11.963
7.266	11.963
7.266	11.914
7.266	12.109
7.295	11.914
7.324	12.061
7.339	11.816
7.368	11.914
7.354	12.061
7.397	12.158
7.412	12.256
7.427	11.963
7.441	12.256
7.441	12.158
7.471	12.256
7.471	12.256
7.515	12.354
7.529	12.305
7.559	12.256
7.559	12.451
7.559	12.500
7.617	12.354
7.617	12.500
7.661	12.451
7.661	12.451
7.676	12.744
7.676	12.451
7.705	12.695
7.734	12.744
7.749	12.695
7.778	12.598
7.778	12.842
7.793	12.793
7.808	12.598
7.808	12.793
7.896	12.842
7.852	12.695
7.866	12.744
7.910	12.842
7.910	12.988
7.925	12.939
7.925	12.939
7.983	12.891
7.998	12.988
8.042	13.330
8.071	12.939
8.057	13.135
8.057	13.184
8.101	13.086
8.101	13.135
8.159	13.184
8.174	13.232
8.174	13.086
8.218	13.184
8.232	13.184
8.232	13.379
8.232	13.428
8.262	13.379
8.291	13.135
8.276	13.281
8.306	13.428
8.320	13.330
8.335	13.623
8.394	13.525
8.394	13.721
8.408	13.672
8.437	13.623
8.452	13.721
8.452	13.623
8.467	13.574
8.511	13.672
8.555	13.525
8.555	13.770
8.569	13.770
8.584	13.672
8.584	13.721
8.628	13.916
8.643	13.867
8.643	14.111
8.672	13.721
8.687	14.062
8.672	14.111
8.730	13.916
8.745	14.062
8.774	14.014
8.774	14.111
8.804	14.160
8.833	14.160
8.833	14.307
8.862	14.355
8.877	14.258
8.892	14.258
8.921	14.111
8.936	14.307
8.950	14.600
8.979	14.160
9.009	14.355
9.023	14.551
9.038	14.453
9.053	14.648
9.126	14.404
9.097	14.600
9.111	14.746
9.111	14.502
9.141	14.551
9.170	14.697
9.155	14.697
9.199	14.697
9.229	14.844
9.243	14.746
9.258	14.648
9.287	14.795
9.272	14.941
9.316	14.941
9.316	14.941
9.346	14.990
9.346	15.039
9.390	15.088
9.419	14.795
9.448	14.990
9.492	14.941
9.478	15.234
9.492	15.137
9.507	15.234
9.521	15.137
9.536	15.332
9.609	15.430
9.565	15.576
9.609	15.430
9.609	15.381
9.609	15.576
9.653	15.479
9.683	15.576
9.727	15.430
9.712	15.576
9.756	15.479
9.741	15.479
9.785	15.723
9.800	15.430
9.785	15.674
9.844	15.625
9.844	15.869
9.873	15.820
9.902	15.967
9.902	16.016
9.946	15.918
9.961	15.967
9.976	16.016
10.034	16.162
10.005	16.260
10.034	16.016
10.020	16.309
10.063	16.211
10.078	16.113
10.107	16.406
10.137	16.455
10.166	16.406
10.166	16.357
10.181	16.406
10.210	16.309
10.225	16.455
10.239	16.455
10.254	16.406
10.254	16.504
10.298	16.699
10.312	16.602
10.312	16.748
10.342	16.650
10.371	16.699
10.415	16.748
10.386	16.895
10.415	16.943
10.430	16.895
10.444	16.943
10.459	17.090
10.459	16.943
10.518	16.846
10.547	17.139
10.532	17.090
10.620	17.090
10.576	17.139
10.605	17.090
10.635	17.383
10.708	17.334
10.664	17.334
10.679	17.480
10.679	17.334
10.708	17.383
10.737	17.432
10.752	17.383
10.767	17.236
10.781	17.529
10.811	17.627
10.825	17.627
10.854	17.529
10.854	17.480
10.898	17.432
10.898	17.676
10.913	17.725
10.942	17.725
10.957	17.773
10.986	17.969
11.016	17.871
11.016	18.066
11.045	18.018
11.060	18.066
11.074	17.920
11.104	18.018
11.118	18.262
11.133	18.311
11.147	18.164
11.191	18.311
11.221	18.213
11.206	18.311
11.206	18.359
11.250	18.359
11.265	18.408
11.279	18.457
11.294	18.457
11.323	18.604
11.323	18.604
11.338	18.457
11.367	18.604
11.426	18.701
11.382	18.799
11.411	18.799
11.455	18.701
11.455	18.994
11.499	18.896
11.499	18.896
11.528	18.896
11.543	18.945
11.543	19.043
11.587	18.994
11.558	18.945
11.602	19.092
11.646	19.141
11.660	19.238
11.675	19.141
11.704	19.385
11.719	19.238
11.689	19.189
11.763	19.238
11.733	19.385
11.792	19.482
11.821	19.531
11.836	19.385
11.851	19.580
11.938	19.678
11.880	19.678
11.909	19.629
11.895	19.678
11.938	19.678
11.982	19.727
12.012	19.873
12.041	19.824
12.012	19.775
12.085	19.922
12.070	20.020
12.100	20.020
12.070	20.117
12.158	20.166
12.158	20.020
12.217	20.312
12.173	20.264
12.217	20.312
12.231	20.264
12.261	20.312
12.275	20.410
12.305	20.605
12.305	20.605
12.319	20.605
12.349	20.801
12.334	20.703
12.378	20.898
12.407	20.752
12.422	20.654
12.422	20.947
12.466	20.898
12.480	20.850
12.510	21.045
12.510	20.996
12.539	20.996
12.554	20.898
12.583	21.094
12.583	21.094
12.583	21.240
12.642	21.143
12.671	21.045
12.642	21.338
12.700	21.387
12.715	21.387
12.715	21.436
12.744	21.240
12.759	21.533
12.817	21.436
12.832	21.533
12.876	21.533
12.817	21.631
12.876	21.680
12.876	21.729
12.920	21.973
12.920	21.875
12.949	21.973
12.949	21.973
12.993	22.168
13.037	22.070
13.022	22.021
13.052	22.119
13.066	22.217
13.125	22.314
13.125	22.217
13.140	22.266
13.228	22.510
13.154	22.412
13.198	22.461
13.213	22.510
13.228	22.412
13.257	22.510
13.271	22.705
13.286	22.852
13.315	22.754
13.330	22.803
13.359	22.949
13.374	22.705
13.403	22.803
13.403	22.998
13.433	22.998
13.433	23.096
13.477	22.705
13.491	23.096
13.506	23.242
13.521	23.047
13.521	23.291
13.564	23.340
13.594	23.389
13.594	23.389
13.623	23.535
13.594	23.340
13.652	23.535
13.652	23.682
13.711	23.682
13.740	23.633
13.755	23.779
13.770	23.633
13.813	23.828
13.784	23.877
13.828	23.877
13.857	23.975
13.872	23.975
13.916	23.975
13.901	24.121
13.931	24.268
13.960	24.023
13.989	24.219
13.989	24.414
14.033	24.219
14.048	24.512
14.062	24.609
14.077	24.512
14.077	24.658
14.121	24.854
14.150	17.480
14.136	-0.391
14.194	0.000
14.224	0.342
14.224	0.000
14.253	0.098
14.268	0.146
14.297	0.146
14.282	0.146
14.341	0.244
14.341	0.000
14.370	0.098
14.370	0.000
14.414	0.146
14.429	0.146
14.443	-0.049
14.473	0.146
14.502	0.146
14.517	0.049
14.531	0.146
14.546	-0.049
14.517	0.000
14.590	0.195
14.590	0.342
14.648	0.146
14.648	0.049
14.663	0.195
14.692	0.293
14.707	0.098
14.751	0.293
14.766	0.146
14.780	0.244
14.780	0.049
14.810	0.195
14.868	0.244
14.868	-0.049
14.868	0.195
14.956	-0.049
14.912	0.195
14.971	0.098
14.985	0.049
14.956	0.098
14.985	0.000
15.015	0.146
15.059	0.146
15.059	0.146
15.103	0.146
15.117	0.098
15.117	-0.146
15.190	-0.098
15.146	0.098
15.161	0.000
15.205	0.195
15.264	0.000
15.264	0.049
15.249	0.000
15.293	0.000
15.293	0.195
15.322	0.146
15.337	-0.049
15.410	0.195
15.381	0.195
15.425	0.000
15.396	0.000
15.483	0.098
15.469	0.098
15.454	0.049
15.527	0.244
15.527	0.098
15.557	0.049
15.586	0.049
15.571	0.146
15.630	0.049
15.615	-0.049
15.674	0.146
15.718	0.195
15.703	0.049
15.732	0.244
15.747	-0.342
15.762	0.049
15.791	0.146
15.806	0.195
15.835	0.244
15.850	-0.146
15.937	-0.049
15.850	-0.049
15.894	0.146
15.923	0.049
15.937	-0.049
15.981	0.000
15.996	-0.098
16.011	0.049
16.025	0.000
16.055	0.146
16.069	0.098
16.084	-0.049
16.128	0.146
16.099	-0.049
16.172	0.244
16.201	-0.146
16.201	0.195
16.230	0.098
16.245	0.098
16.260	0.146
16.274	0.098
16.289	0.146
16.348	-0.049
16.362	0.195
16.362	0.244
16.421	-0.049
16.406	0.146
16.450	0.146
16.479	-0.049
16.479	0.293
16.509	-0.049
16.538	0.049
16.523	0.146
16.582	0.146
16.597	0.000
16.597	0.098
16.626	0.195
16.670	0.000
16.655	0.098
16.699	0.098
16.714	-0.293
16.714	0.049
16.714	0.098
16.714	0.244
16.714	-0.049
16.699	0.293
16.714	0.146
16.729	0.000
16.699	0.098
16.699	0.000
16.699	0.049
16.714	0.098
16.714	0.000
16.699	0.293
16.729	0.244
16.699	0.049
16.685	0.195
16.729	-0.244
16.714	-0.049
16.699	0.000
