0.015	0.244
0.044	0.146
0.059	0.146
0.044	0.244
0.029	0.146
0.044	0.195
0.029	0.049
0.029	0.195
0.029	0.098
0.059	0.244
0.044	0.098
0.044	0.342
0.015	0.195
0.044	0.195
0.044	0.195
0.044	0.049
0.044	0.146
0.044	0.098
0.059	0.293
0.059	-0.049
0.073	0.146
0.103	0.098
0.117	0.146
0.117	0.244
0.132	0.244
0.146	0.195
0.132	0.195
0.190	0.244
0.146	0.293
0.161	0.098
0.220	0.342
0.249	0.488
0.220	0.293
0.249	0.439
0.278	0.244
0.249	0.293
0.293	0.586
0.308	0.342
0.322	0.537
0.308	0.342
0.337	0.537
0.366	0.439
0.366	0.439
0.381	0.537
0.396	0.586
0.396	0.439
0.439	0.488
0.425	0.586
0.454	0.537
0.469	0.537
0.469	0.293
0.498	0.586
0.513	0.635
0.527	0.684
0.542	0.732
0.571	0.830
0.571	0.781
0.601	0.781
0.615	0.781
0.630	0.879
0.630	0.830
0.659	0.928
0.703	0.781
0.747	0.781
0.703	1.074
0.718	1.074
0.718	1.074
0.732	0.879
0.747	1.172
0.747	1.221
0.806	1.074
0.806	1.221
0.806	1.221
0.835	1.172
0.835	1.221
0.864	1.465
0.864	1.221
0.894	1.465
0.894	1.367
0.923	1.514
0.952	1.416
0.996	1.416
0.981	1.660
1.011	1.660
1.025	1.855
1.025	1.709
1.055	1.807
1.040	1.855
1.084	1.904
1.084	1.807
1.084	2.100
1.128	2.002
1.157	2.100
1.143	2.148
1.157	2.002
1.187	2.100
1.187	2.295
1.187	2.295
1.216	2.588
1.260	2.539
1.245	2.637
1.289	2.637
1.274	2.783
1.318	2.637
1.377	2.783
1.348	2.979
1.377	3.271
1.377	2.930
1.392	2.881
1.421	3.320
1.421	3.271
1.436	3.369
1.465	3.516
1.494	3.467
1.494	3.564
1.465	3.760
1.509	3.760
1.538	3.662
1.597	3.760
1.553	3.906
1.582	4.053
1.597	3.955
1.611	4.004
1.626	3.906
1.655	4.102
1.670	4.199
1.699	4.346
1.685	4.443
1.670	4.053
1.714	4.639
1.772	4.785
1.772	4.395
1.816	4.785
1.816	4.785
1.816	5.029
1.831	4.932
1.860	5.127
1.875	5.176
1.875	5.127
1.890	5.273
1.919	5.176
1.948	5.225
1.963	5.615
1.963	5.615
1.992	5.518
1.992	5.713
1.992	5.713
2.021	5.664
2.036	5.859
2.080	6.006
2.095	5.908
2.095	6.055
2.095	6.104
2.124	6.250
2.139	6.250
2.153	6.104
2.139	6.055
2.183	6.299
2.183	6.641
2.227	6.299
2.271	6.592
2.241	6.543
2.256	6.787
2.271	6.689
2.300	6.787
2.300	6.836
2.314	6.592
2.314	6.836
2.314	6.934
2.388	6.982
2.358	6.982
2.388	7.178
2.402	6.982
2.417	7.275
2.446	7.275
2.505	7.227
2.534	7.324
2.490	7.422
2.505	7.373
2.505	7.568
2.534	7.471
2.563	7.520
2.578	7.568
2.593	7.666
2.637	7.764
2.622	7.910
2.607	7.715
2.651	8.008
2.666	7.910
2.695	8.154
2.695	7.959
2.725	7.959
2.710	8.008
2.754	8.105
2.739	8.154
2.769	8.203
2.739	8.203
2.783	8.154
2.812	8.203
2.827	8.398
2.856	8.496
2.856	8.447
2.856	8.398
2.886	8.594
2.886	8.350
2.944	8.594
2.930	8.594
2.974	8.594
2.959	8.691
2.988	8.643
3.003	8.887
3.003	8.936
3.018	8.887
3.018	8.838
3.076	8.789
3.091	8.936
3.105	9.180
3.120	9.229
3.120	9.033
3.120	9.131
3.179	9.229
3.193	9.180
3.164	9.229
3.208	9.180
3.179	9.277
3.208	9.277
3.237	9.375
3.267	9.375
3.296	9.570
3.281	9.521
3.296	9.521
3.325	9.521
3.354	9.570
3.369	9.619
3.369	9.570
3.398	9.766
3.384	9.717
3.413	9.766
3.413	9.814
3.457	9.863
3.457	9.766
3.486	9.912
3.486	9.912
3.530	9.814
3.530	9.863
3.545	10.010
3.545	10.107
3.589	9.912
3.574	10.156
3.604	10.156
3.633	9.814
3.647	10.303
3.662	10.254
3.691	10.156
3.662	10.400
3.721	10.303
3.750	10.400
3.735	10.498
3.706	10.254
3.765	10.449
3.794	10.498
3.838	10.645
3.823	10.645
3.838	10.645
3.853	10.693
3.867	10.840
3.896	10.791
3.940	10.889
3.926	10.937
3.940	11.035
3.940	10.986
3.970	10.986
3.999	10.986
3.984	11.182
3.984	11.035
4.028	11.084
4.072	11.230
4.072	11.523
4.087	11.279
4.116	11.426
4.116	11.279
4.131	11.475
4.160	11.475
4.175	11.523
4.175	11.475
4.189	11.377
4.204	11.572
4.204	11.670
4.233	11.816
4.233	11.719
4.263	11.719
4.277	11.914
4.307	11.816
4.321	11.963
4.321	11.865
4.351	12.109
4.351	12.061
4.395	11.914
4.409	12.061
4.409	12.256
4.424	12.158
4.409	11.719
4.453	12.402
4.468	12.256
4.482	12.451
4.512	12.451
4.526	12.500
4.541	12.451
4.556	12.549
4.570	12.549
4.600	12.549
4.585	12.646
4.614	12.646
4.629	12.549
4.644	12.891
4.658	12.939
4.644	12.695
4.687	12.939
4.687	12.939
4.731	12.939
4.746	12.988
4.775	13.135
4.775	13.281
4.819	13.232
4.790	13.184
4.819	13.184
4.849	13.477
4.863	13.574
4.878	13.525
4.878	13.477
4.907	13.574
4.922	13.525
4.937	13.721
4.951	13.672
4.966	13.867
4.980	13.672
4.995	13.867
5.010	13.721
5.024	13.818
5.039	14.014
5.068	14.111
5.098	14.062
5.112	14.111
5.112	14.258
5.127	14.453
5.142	14.307
5.156	14.355
5.186	14.600
5.215	14.502
5.229	14.600
5.215	14.307
5.244	14.600
5.259	14.746
5.303	14.697
5.303	14.648
5.303	14.893
5.317	14.990
5.347	15.039
5.376	14.990
5.405	14.990
5.405	15.137
5.420	15.332
5.449	15.186
5.435	15.332
5.479	15.234
5.493	15.479
5.493	15.479
5.508	15.479
5.508	15.625
5.537	15.479
5.566	15.771
5.552	15.723
5.566	15.771
5.625	15.869
5.610	16.113
5.654	15.820
5.684	16.016
5.698	16.113
5.684	16.162
5.698	16.016
5.713	16.309
5.742	16.357
5.771	16.309
5.801	16.455
5.830	16.602
5.786	16.553
5.845	16.650
5.845	16.699
5.889	16.797
5.859	16.650
5.874	16.846
5.903	16.943
5.903	16.943
5.933	16.943
5.977	16.992
5.977	17.236
5.991	17.139
5.991	17.139
6.021	17.285
6.050	17.187
6.094	17.578
6.079	17.529
6.094	17.773
6.108	17.822
6.123	17.725
6.123	17.871
6.152	17.822
6.152	17.969
6.196	18.018
6.270	18.018
6.226	18.213
6.240	18.164
6.270	18.262
6.284	18.262
6.299	18.164
6.313	18.457
6.328	18.555
6.328	18.701
6.343	18.506
6.401	18.750
6.387	18.652
6.416	18.848
6.431	18.848
6.460	19.043
6.460	18.994
6.475	19.189
6.475	19.092
6.548	19.141
6.533	19.336
6.533	19.336
6.562	19.531
6.606	19.580
6.577	19.434
6.606	19.580
6.621	19.678
6.650	19.775
6.665	19.971
6.665	19.824
6.680	20.068
6.724	20.361
6.738	20.117
6.782	20.215
6.782	20.361
6.782	5.859
6.812	-0.586
6.826	-0.098
6.885	0.049
6.841	0.000
6.855	0.146
6.885	-0.098
6.899	0.195
6.943	0.098
6.958	0.000
6.958	0.146
6.973	0.146
7.046	0.049
7.002	0.049
7.031	-0.049
7.046	0.146
7.075	-0.049
7.090	0.049
7.075	-0.244
7.090	-0.146
7.134	-0.146
7.163	0.000
7.163	0.049
7.207	0.049
7.207	0.049
7.207	0.195
7.236	0.146
7.251	0.244
7.266	0.146
7.295	-0.146
7.280	0.049
7.324	0.195
7.339	0.000
7.339	0.244
7.368	0.098
7.397	0.000
7.441	0.098
7.427	0.000
7.441	0.098
7.500	0.049
7.456	0.146
7.500	0.000
7.515	0.146
7.573	0.146
7.559	0.098
7.573	0.049
7.603	0.000
7.603	0.049
7.617	0.098
7.617	0.098
7.617	0.098
7.588	0.000
7.646	-0.049
7.603	0.049
7.603	0.098
7.617	0.049
7.617	-0.049
7.676	0.146
7.617	0.342
7.617	-0.049
7.617	0.049
7.617	0.146
7.646	-0.244
7.588	0.000
7.646	0.195
7.617	0.098
7.588	-0.049
7.617	0.049
7.617	0.146
7.617	-0.098
7.617	0.098
