0.015	0.146
0.029	0.244
0.044	0.098
0.029	0.342
0.044	0.195
0.044	0.244
0.044	0.293
0.073	0.098
0.103	0.537
0.103	0.195
0.132	0.293
0.132	0.244
0.146	0.537
0.103	0.391
0.161	0.342
0.176	0.244
0.190	0.293
0.190	0.293
0.205	0.391
0.220	0.342
0.278	0.293
0.249	0.391
0.264	0.342
0.293	0.391
0.308	0.781
0.352	0.537
0.366	0.537
0.337	0.488
0.366	0.684
0.337	0.488
0.366	0.488
0.396	0.586
0.410	0.439
0.425	0.488
0.454	0.732
0.439	0.781
0.454	0.684
0.469	0.732
0.513	0.781
0.513	0.830
0.513	0.732
0.527	0.781
0.557	0.830
0.542	1.074
0.542	0.928
0.586	0.830
0.571	1.074
0.630	1.074
0.615	1.025
0.645	1.025
0.674	1.074
0.674	1.025
0.674	1.172
0.703	1.221
0.747	1.416
0.747	1.318
0.762	1.367
0.791	1.416
0.791	1.465
0.806	1.318
0.791	1.758
0.835	1.465
0.864	1.514
0.864	1.758
0.864	1.562
0.894	1.660
0.908	1.660
0.923	1.807
0.937	1.904
0.952	1.758
0.967	1.660
1.025	2.002
1.011	1.953
1.025	2.002
1.055	2.246
1.055	2.246
1.069	2.246
1.128	2.051
1.128	2.246
1.143	2.100
1.128	2.295
1.143	2.246
1.172	2.148
1.187	2.441
1.187	2.393
1.201	2.539
1.230	2.441
1.260	2.539
1.245	2.734
1.260	2.588
1.289	2.686
1.304	2.588
1.318	2.539
1.333	2.734
1.362	2.832
1.362	2.734
1.377	2.881
1.392	2.734
1.392	3.027
1.436	2.979
1.450	3.174
1.494	3.125
1.465	3.223
1.509	3.418
1.509	3.320
1.538	3.613
1.553	3.271
1.553	3.564
1.567	3.418
1.597	3.369
1.597	3.418
1.611	3.516
1.641	3.564
1.655	3.564
1.670	3.760
1.670	3.760
1.655	3.809
1.699	3.857
1.714	3.809
1.729	4.053
1.758	3.955
1.787	3.809
1.787	4.004
1.787	4.053
1.846	4.004
1.816	3.955
1.831	4.297
1.846	4.199
1.875	4.346
1.875	4.248
1.904	4.346
1.919	4.492
1.992	4.443
1.963	4.590
1.992	4.541
1.992	4.492
2.007	4.541
2.036	4.541
2.036	4.541
2.065	4.639
2.095	4.834
2.080	4.687
2.080	4.883
2.109	4.541
2.124	4.736
2.153	4.980
2.183	4.980
2.168	5.029
2.183	5.273
2.197	5.029
2.197	5.078
2.212	5.225
2.241	5.322
2.271	5.273
2.271	5.469
2.300	5.176
2.300	5.322
2.314	5.371
2.314	5.518
2.358	5.469
2.358	5.713
2.402	5.566
2.402	5.664
2.432	5.469
2.446	5.713
2.432	5.615
2.461	5.664
2.476	5.762
2.505	5.957
2.520	5.908
2.520	5.811
2.520	5.908
2.534	6.055
2.563	6.055
2.549	6.006
2.607	5.957
2.607	6.250
2.637	6.152
2.666	6.055
2.666	6.250
2.681	6.299
2.666	6.250
2.681	6.250
2.710	6.396
2.725	6.445
2.754	6.152
2.769	6.396
2.769	6.396
2.812	6.494
2.827	6.494
2.827	6.543
2.842	6.592
2.871	6.738
2.871	6.641
2.886	6.543
2.900	6.787
2.915	6.885
2.930	6.787
2.959	6.982
2.974	6.836
2.959	6.885
3.003	6.836
3.018	6.934
3.018	6.934
3.032	7.031
3.062	7.080
3.062	7.178
3.091	7.275
3.105	7.324
3.091	7.178
3.135	7.275
3.149	7.324
3.164	7.275
3.208	7.373
3.223	7.031
3.223	7.373
3.223	7.422
3.252	7.520
3.296	7.471
3.296	7.520
3.311	7.471
3.340	7.568
3.354	7.666
3.384	7.471
3.369	7.617
3.384	7.715
3.398	7.764
3.428	7.520
3.428	7.910
3.457	7.910
3.501	7.910
3.501	7.959
3.516	7.959
3.516	7.910
3.530	8.057
3.516	8.105
3.589	8.057
3.574	8.057
3.589	8.057
3.618	8.154
3.618	8.008
3.647	8.105
3.691	8.350
3.691	8.203
3.691	8.301
3.721	8.301
3.721	8.301
3.750	8.447
3.750	8.105
3.735	8.447
3.794	8.643
3.809	8.203
3.867	8.594
3.838	8.594
3.867	8.594
3.867	8.496
3.882	8.643
3.911	8.398
3.926	8.594
3.940	8.643
3.955	8.691
3.926	8.496
3.999	8.740
4.043	8.740
4.028	8.740
4.028	8.594
4.043	8.691
4.043	8.789
4.058	9.082
4.102	9.033
4.072	8.887
4.131	8.838
4.160	8.887
4.160	9.082
4.175	8.984
4.175	8.984
4.204	9.229
4.219	9.033
4.292	8.887
4.219	9.131
4.263	9.082
4.263	9.082
4.263	8.838
4.307	9.277
4.321	9.131
4.336	9.229
4.336	9.375
4.380	9.180
4.380	9.033
4.395	9.277
4.409	9.326
4.424	9.326
4.424	9.473
4.409	9.375
4.482	9.473
4.482	9.473
4.526	9.033
4.497	9.424
4.556	9.619
4.556	9.521
4.556	9.521
4.585	9.473
4.600	9.570
4.614	9.570
4.629	9.521
4.644	9.619
4.658	9.424
4.673	9.766
4.687	9.619
4.717	9.619
4.790	9.717
4.746	9.863
4.746	9.766
4.746	9.863
4.805	9.814
4.805	9.668
4.819	9.766
4.834	9.912
4.849	9.814
4.834	9.668
4.893	9.863
4.893	9.961
4.907	9.717
4.951	9.961
4.907	9.814
4.966	10.010
5.010	9.863
4.995	10.107
5.024	10.205
5.024	9.961
5.083	10.059
5.068	10.156
5.098	10.156
5.083	9.912
5.112	10.156
5.112	10.205
5.127	10.107
5.156	9.912
5.171	10.254
5.186	10.352
5.171	10.352
5.244	10.254
5.244	10.498
5.229	10.303
5.288	10.205
5.259	10.449
5.303	10.449
5.317	10.352
5.332	10.449
5.347	10.303
5.376	10.547
5.391	10.498
5.420	10.596
5.420	10.449
5.405	10.352
5.464	10.547
5.464	10.693
5.493	10.547
5.493	10.547
5.464	10.742
5.522	10.547
5.552	10.791
5.566	10.840
5.581	10.840
5.596	10.889
5.610	10.889
5.610	10.889
5.669	10.791
5.640	10.791
5.669	10.937
5.684	10.840
5.713	10.937
5.669	10.986
5.742	10.937
5.742	10.937
5.801	10.889
5.786	10.840
5.786	11.084
5.815	11.230
5.859	10.937
5.859	10.986
5.859	11.084
5.889	11.035
5.903	11.182
5.918	10.937
5.933	11.279
5.947	11.182
5.977	10.937
5.977	11.377
5.991	11.182
6.035	11.230
6.035	10.889
6.064	11.328
6.079	11.328
6.094	11.328
6.079	11.279
6.108	11.426
6.138	11.523
6.152	11.133
6.182	11.230
6.182	11.426
6.226	11.523
6.211	11.523
6.226	11.523
6.255	11.523
6.255	11.523
6.299	11.621
6.328	11.768
6.313	11.670
6.357	11.719
6.357	11.670
6.357	11.670
6.387	11.719
6.372	11.719
6.431	11.768
6.431	11.719
6.475	11.816
6.489	11.865
6.489	11.865
6.504	11.914
6.519	11.914
6.548	11.963
6.562	11.768
6.577	12.012
6.621	12.012
6.621	12.012
6.665	12.207
6.636	12.061
6.665	12.012
6.665	12.109
6.636	12.256
6.724	12.109
6.738	12.109
6.753	12.158
6.768	12.158
6.797	12.061
6.812	12.256
6.797	12.305
6.841	12.305
6.841	12.305
6.855	12.500
6.870	12.354
6.870	12.109
6.914	12.695
6.943	12.451
6.973	12.256
6.973	12.598
6.987	12.549
6.958	12.500
7.017	12.500
7.046	12.256
7.061	12.598
7.061	12.598
7.104	12.646
7.134	12.744
7.148	12.695
7.178	12.793
7.148	12.793
7.192	12.744
7.192	12.793
7.236	12.695
7.251	12.793
7.310	12.842
7.266	12.939
7.295	12.988
7.280	13.086
7.324	12.939
7.310	12.939
7.368	12.891
7.383	13.037
7.441	13.037
7.412	13.086
7.427	13.086
7.441	13.086
7.471	13.135
7.485	13.135
7.500	13.086
7.515	13.135
7.544	13.477
7.544	13.281
7.559	13.281
7.617	5.566
7.588	-0.391
7.632	-0.195
7.632	0.000
7.646	-0.244
7.705	-0.098
7.690	-0.049
7.705	0.000
7.705	0.049
7.734	-0.098
7.764	-0.049
7.793	-0.098
7.852	-0.098
7.822	-0.146
7.852	-0.146
7.881	-0.098
7.881	-0.098
7.910	-0.049
7.866	0.000
7.925	-0.098
7.954	-0.049
7.969	-0.146
7.983	0.049
7.998	0.049
7.954	-0.049
7.969	-0.049
7.969	-0.244
7.954	-0.244
7.969	-0.049
7.969	-0.146
7.954	-0.146
7.983	-0.049
7.969	-0.049
7.969	0.049
7.954	-0.049
7.969	-0.098
7.983	-0.195
7.969	0.049
7.969	-0.098
7.969	-0.195
7.969	-0.146
7.954	-0.146
7.954	-0.098
7.954	-0.049
7.969	-0.098
7.969	0.000
7.954	-0.146
7.969	-0.098
7.969	-0.098
7.925	-0.195
7.969	-0.098
7.969	-0.049
7.969	-0.146
7.954	0.146
7.983	-0.098
7.969	-0.098
7.969	-0.195
7.939	-0.049
7.983	-0.049
7.954	-0.146
7.969	-0.195
7.983	-0.098
7.983	0.000
7.954	-0.049
7.969	0.000
7.954	-0.146
7.998	-0.146
7.969	-0.049
7.969	-0.195
7.983	-0.195
7.969	-0.195
7.969	0.000
7.983	-0.244
