0.088	-0.049
0.029	0.000
0.044	0.391
0.015	0.195
0.029	0.146
0.059	0.146
0.044	0.195
0.015	0.244
0.029	0.195
0.029	0.146
0.059	0.244
0.029	0.098
0.029	0.195
0.044	0.293
0.029	0.195
0.029	0.391
0.044	0.000
0.044	0.098
0.029	0.146
0.029	0.146
0.073	0.244
0.059	0.000
0.029	0.049
0.044	0.000
0.029	0.098
0.044	0.195
0.073	0.293
0.044	0.195
0.073	0.342
0.088	0.098
0.103	0.000
0.132	0.195
0.132	0.342
0.146	0.195
0.161	0.293
0.176	0.293
0.190	0.049
0.190	0.146
0.205	0.342
0.205	0.391
0.234	0.244
0.278	0.391
0.264	0.439
0.293	0.391
0.308	0.293
0.308	0.293
0.337	0.439
0.337	0.342
0.381	0.635
0.396	0.488
0.381	0.635
0.410	0.732
0.410	0.537
0.439	0.635
0.439	0.830
0.469	0.732
0.498	0.537
0.483	0.781
0.498	0.635
0.498	0.830
0.542	0.684
0.542	0.635
0.601	0.830
0.571	0.781
0.601	0.830
0.601	0.928
0.615	1.025
0.645	1.074
0.659	1.074
0.674	1.221
0.674	1.367
0.703	1.221
0.703	1.270
0.732	1.221
0.747	1.270
0.762	1.514
0.791	1.367
0.791	1.416
0.776	1.416
0.820	1.562
0.835	1.611
0.850	1.465
0.908	1.367
0.894	1.514
0.894	1.709
0.908	1.709
0.937	1.514
0.937	1.709
0.967	1.758
0.996	1.807
0.981	1.953
0.996	1.953
1.055	1.904
1.040	2.002
1.040	2.148
1.069	2.100
1.069	2.148
1.055	2.246
1.113	2.148
1.113	2.246
1.128	2.490
1.157	2.393
1.143	2.588
1.187	2.539
1.187	2.441
1.216	2.393
1.230	2.490
1.260	2.588
1.260	2.734
1.274	2.686
1.304	2.783
1.304	2.832
1.348	2.734
1.348	2.734
1.348	2.881
1.377	2.930
1.406	2.832
1.392	3.027
1.450	3.418
1.406	3.076
1.436	3.125
1.494	2.979
1.450	3.125
1.494	2.979
1.523	3.271
1.538	3.271
1.553	3.271
1.582	3.467
1.582	3.320
1.611	3.418
1.655	3.467
1.611	3.418
1.626	3.564
1.670	3.613
1.670	3.809
1.685	3.711
1.699	3.809
1.714	4.004
1.743	4.053
1.772	3.955
1.802	3.906
1.787	4.346
1.831	3.955
1.831	4.150
1.846	4.150
1.860	4.150
1.875	4.443
1.904	4.297
1.919	4.102
1.934	4.199
1.948	4.541
1.963	4.492
1.978	4.590
1.978	4.736
1.992	4.687
2.036	4.443
2.051	4.590
2.065	4.590
2.080	4.687
2.109	4.834
2.124	4.834
2.109	4.834
2.139	4.883
2.124	4.932
2.139	4.932
2.168	4.980
2.183	4.883
2.212	5.078
2.241	5.322
2.256	5.566
2.271	5.225
2.300	5.078
2.300	5.127
2.329	5.420
2.344	5.420
2.344	5.518
2.373	5.469
2.402	5.518
2.388	5.664
2.402	5.566
2.432	5.615
2.461	5.518
2.446	5.713
2.476	5.713
2.476	5.811
2.490	5.371
2.520	5.762
2.534	5.762
2.563	5.713
2.549	5.957
2.578	5.908
2.593	5.908
2.607	5.957
2.622	6.104
2.607	6.152
2.666	6.152
2.651	6.055
2.695	6.152
2.710	6.250
2.710	6.104
2.739	6.104
2.754	6.348
2.783	6.348
2.783	6.543
2.798	6.592
2.812	6.592
2.827	6.641
2.827	6.543
2.856	6.836
2.886	6.592
2.944	6.689
2.930	6.787
2.915	6.934
2.959	6.738
2.930	6.836
2.974	6.787
2.988	6.689
3.003	6.787
3.018	7.080
3.062	6.738
3.062	7.080
3.091	6.934
3.091	6.982
3.105	7.031
3.105	7.031
3.135	7.129
3.149	7.129
3.164	7.129
3.179	7.178
3.208	7.227
3.237	7.275
3.237	7.227
3.267	7.324
3.267	7.275
3.281	7.324
3.281	7.520
3.369	7.373
3.325	7.422
3.354	7.373
3.369	7.520
3.384	7.764
3.398	7.715
3.413	7.715
3.442	7.715
3.472	7.666
3.472	7.764
3.486	7.812
3.486	7.764
3.530	7.959
3.530	7.910
3.545	7.666
3.574	7.812
3.574	8.154
3.604	7.959
3.633	7.959
3.604	8.008
3.677	8.057
3.618	8.008
3.691	8.350
3.706	8.105
3.706	8.301
3.750	8.154
3.750	8.057
3.779	8.252
3.765	8.252
3.779	8.301
3.809	8.301
3.794	8.350
3.853	8.350
3.867	8.594
3.882	8.447
3.882	8.398
3.926	8.496
3.940	8.350
3.970	8.545
3.955	8.252
3.984	8.594
3.999	8.545
4.014	8.594
4.043	8.594
4.043	8.691
4.058	8.496
4.058	8.643
4.043	8.545
4.131	8.594
4.116	8.691
4.087	8.643
4.160	8.691
4.175	8.740
4.189	8.936
4.204	8.789
4.219	8.789
4.263	8.789
4.189	8.838
4.277	9.082
4.292	8.740
4.307	9.082
4.307	9.082
4.307	9.033
4.365	8.984
4.336	9.229
4.336	9.082
4.380	8.984
4.438	9.229
4.424	9.082
4.438	9.131
4.453	9.277
4.482	9.229
4.482	9.131
4.482	9.229
4.512	9.326
4.497	9.277
4.541	9.326
4.556	9.424
4.585	9.277
4.614	9.131
4.600	9.375
4.658	9.375
4.644	9.521
4.658	9.375
4.673	9.668
4.687	9.229
4.717	9.521
4.717	9.521
4.731	9.668
4.746	9.668
4.746	9.766
4.775	9.473
4.805	9.717
4.834	9.717
4.834	9.766
4.849	9.717
4.863	9.717
4.863	9.668
4.893	9.814
4.893	9.717
4.937	9.717
4.937	9.814
4.951	9.668
4.951	9.814
4.966	10.010
4.995	9.961
5.024	9.912
5.039	9.961
5.083	9.961
5.068	10.010
5.112	9.961
5.127	9.912
5.142	10.107
5.127	10.010
5.142	9.814
5.171	10.059
5.186	10.254
5.200	10.010
5.229	10.107
5.215	10.205
5.288	10.107
5.244	10.205
5.303	10.303
5.303	10.400
5.317	10.254
5.376	10.254
5.347	10.352
5.376	10.352
5.376	10.352
5.435	10.303
5.420	10.547
5.391	10.303
5.479	10.400
5.449	10.400
5.479	10.303
5.464	10.449
5.522	10.645
5.537	10.742
5.552	10.742
5.596	10.449
5.596	10.547
5.610	10.596
5.625	10.645
5.625	10.840
5.625	10.645
5.669	10.693
5.684	10.645
5.713	10.645
5.698	10.791
5.742	10.791
5.728	10.840
5.771	10.742
5.786	10.937
5.801	10.791
5.815	10.889
5.830	10.889
5.845	10.889
5.874	11.035
5.859	11.133
5.918	11.035
5.918	10.840
5.947	11.084
5.933	11.084
5.962	11.133
5.977	11.084
5.977	11.133
6.021	11.182
6.021	11.133
6.050	11.377
6.079	11.182
6.094	11.182
6.094	11.182
6.138	11.230
6.152	11.133
6.152	11.084
6.167	11.279
6.167	11.230
6.196	11.377
6.226	11.133
6.182	11.279
6.270	11.523
6.270	11.475
6.284	11.475
6.299	11.426
6.313	11.475
6.357	11.523
6.357	11.426
6.357	11.523
6.387	11.572
6.401	11.768
6.416	11.621
6.460	11.670
6.460	11.670
6.460	11.865
6.489	11.719
6.504	11.719
6.533	11.768
6.533	11.865
6.562	11.768
6.562	11.914
6.621	12.012
6.621	12.109
6.636	12.012
6.636	11.865
6.650	11.865
6.680	11.963
6.709	12.012
6.724	12.158
6.724	12.012
6.738	12.158
6.768	11.865
6.782	12.207
6.812	12.109
6.855	12.256
6.841	12.305
6.870	12.207
6.870	12.256
6.885	12.354
6.914	12.305
6.914	12.305
6.943	12.305
6.958	12.256
6.987	12.451
7.002	12.451
7.031	12.305
7.031	12.549
7.061	12.451
7.075	12.695
7.075	12.402
7.075	12.793
7.134	12.598
7.163	12.598
7.148	12.500
7.192	12.646
7.178	12.695
7.207	12.549
7.222	12.744
7.251	12.842
7.266	12.939
7.280	12.988
7.310	12.646
7.310	12.646
7.383	12.939
7.339	12.695
7.354	13.037
7.412	13.086
7.397	13.037
7.397	13.135
7.471	13.037
7.427	13.330
7.471	12.744
7.500	13.135
7.515	13.232
7.544	13.379
7.544	13.135
7.573	13.232
7.632	13.281
7.632	13.330
7.632	13.379
7.646	13.623
7.661	13.379
7.705	13.330
7.676	13.525
7.734	13.428
7.734	13.525
7.749	13.428
7.793	13.477
7.793	13.623
7.808	13.623
7.808	13.818
7.837	13.672
7.866	13.525
7.910	13.672
7.896	13.574
7.910	13.721
7.925	13.916
7.954	13.770
7.983	13.623
7.983	13.867
7.998	13.916
8.027	14.160
8.071	13.965
8.086	13.965
8.101	14.160
8.086	14.062
8.145	14.062
8.130	14.307
8.188	14.160
8.203	14.160
8.232	14.209
8.232	14.307
8.247	14.404
8.262	14.307
8.306	14.307
8.306	14.209
8.320	14.307
8.320	14.453
8.350	14.502
8.364	14.551
8.394	14.502
8.394	14.600
8.437	14.502
8.452	14.600
8.467	14.551
8.467	14.648
8.496	14.697
8.496	14.697
8.540	14.746
8.555	14.844
8.584	14.795
8.613	14.941
8.643	14.746
8.628	14.893
8.657	14.990
8.672	15.283
8.701	14.990
8.730	14.990
8.745	14.941
8.745	15.137
8.774	14.893
8.804	15.137
8.804	15.186
8.818	15.332
8.862	15.332
8.833	15.332
8.877	15.381
8.892	15.381
8.906	15.234
8.965	15.430
8.965	15.527
8.979	15.430
8.979	15.430
9.023	15.527
9.053	15.771
9.053	15.674
9.082	15.674
9.111	15.771
9.097	15.967
9.141	15.576
9.155	15.869
9.185	15.820
9.170	15.918
9.199	15.820
9.229	15.723
9.229	15.967
9.258	16.162
9.331	16.064
9.302	16.162
9.346	15.918
9.360	15.918
9.375	16.260
9.375	16.113
9.375	16.162
9.419	16.260
9.434	16.357
9.448	16.406
9.463	16.455
9.492	16.455
9.521	16.504
9.565	16.504
9.536	16.602
9.551	16.650
9.565	16.699
9.609	16.504
9.624	16.748
9.609	16.602
9.668	16.602
9.683	16.895
9.697	16.895
9.727	16.992
9.727	16.895
9.741	16.895
9.771	17.090
9.800	17.187
9.800	17.090
9.829	17.041
9.858	16.943
9.888	17.285
9.902	17.285
9.917	16.992
9.902	17.139
9.961	17.334
9.976	17.285
10.005	17.432
10.034	17.236
10.020	17.432
10.020	17.432
10.078	17.578
10.078	17.383
10.107	17.725
10.166	17.578
10.166	17.529
10.151	17.285
10.181	17.627
10.195	17.676
10.210	17.725
10.225	17.725
10.239	17.969
10.269	17.920
10.298	17.725
10.298	18.018
10.327	17.871
10.327	18.262
10.342	18.115
10.386	18.018
10.415	18.115
10.400	18.262
10.430	18.311
10.400	18.164
10.488	18.311
10.518	18.359
10.488	18.311
10.532	18.262
10.532	18.262
10.547	18.311
10.576	18.555
10.605	18.604
10.605	18.506
10.635	18.652
10.649	18.701
10.708	18.457
10.664	18.750
10.679	18.848
10.737	18.750
10.752	18.701
10.767	18.555
10.796	19.043
10.811	18.945
10.825	19.141
10.840	18.994
10.884	19.043
10.884	19.092
10.884	18.945
10.913	19.287
10.942	19.238
10.957	19.238
10.972	19.336
10.942	19.385
11.016	19.238
11.016	19.434
11.060	19.434
11.060	19.434
11.074	19.678
11.118	19.629
11.118	19.482
11.162	19.629
11.147	19.678
11.191	19.775
11.206	19.775
11.191	19.922
11.294	19.775
11.265	19.873
11.279	19.873
11.294	19.922
11.338	20.117
11.338	20.020
11.338	20.020
11.367	20.117
11.396	20.117
11.382	20.410
11.440	20.361
11.455	20.312
11.440	20.410
11.514	20.557
11.514	20.459
11.514	20.410
11.543	20.410
11.558	20.605
11.572	20.557
11.616	20.508
11.616	20.605
11.646	20.508
11.646	20.703
11.689	20.654
11.689	20.947
11.719	20.898
11.733	20.850
11.763	21.045
11.777	21.094
11.792	21.094
11.821	20.996
11.836	21.240
11.851	21.045
11.880	21.143
11.880	21.289
11.909	21.338
11.953	21.240
11.953	21.338
11.953	21.387
12.012	21.729
11.997	21.729
12.041	21.484
12.041	21.484
12.056	21.436
12.070	21.680
12.114	21.777
12.114	21.777
12.144	21.680
12.144	21.924
12.187	21.924
12.217	21.729
12.202	22.021
12.275	21.924
12.275	21.973
12.275	22.070
12.305	22.266
12.363	22.266
12.349	22.266
12.363	22.266
12.378	22.363
12.393	22.559
12.407	22.412
12.437	22.266
12.480	22.461
12.466	22.656
12.510	22.559
12.524	22.559
12.539	22.900
12.554	22.754
12.583	22.705
12.583	23.047
12.612	23.047
12.642	22.852
12.656	22.998
12.671	22.949
12.700	23.145
12.715	23.047
12.729	23.047
12.759	23.437
12.773	23.242
12.832	23.145
12.861	23.389
12.788	23.535
12.847	23.633
12.876	23.486
12.891	23.535
12.935	23.682
12.935	23.486
12.964	23.779
12.979	23.584
12.979	23.828
12.993	23.828
13.022	23.633
13.052	23.877
13.081	24.121
13.110	23.975
13.140	24.023
13.140	24.121
13.169	24.023
13.213	24.170
13.213	24.219
13.198	24.268
13.242	24.268
13.242	24.463
13.257	24.219
13.301	24.365
13.286	24.561
13.345	24.658
13.359	24.609
13.359	24.707
13.389	24.707
13.477	24.707
13.433	24.951
13.433	24.805
13.447	24.854
13.477	25.000
13.491	25.000
13.535	25.049
13.564	25.000
13.579	24.951
13.579	25.098
13.638	25.293
13.623	25.293
13.638	25.391
13.682	25.439
13.726	25.391
13.711	25.488
13.740	25.439
13.770	25.586
13.770	25.586
13.813	25.684
13.828	25.879
13.828	25.879
13.857	25.781
13.828	26.025
13.872	26.074
13.887	26.074
13.945	26.221
13.975	26.172
13.989	26.172
14.004	26.025
14.048	26.221
14.048	26.367
14.077	26.318
14.092	26.416
14.150	26.416
14.150	26.367
14.150	26.709
14.180	26.660
14.150	26.562
14.194	26.562
14.238	27.051
14.253	27.051
14.282	26.953
14.297	27.002
14.297	27.051
14.355	27.051
14.312	27.148
14.429	27.295
14.385	27.246
14.429	27.246
14.458	27.441
14.473	27.344
14.458	27.393
14.546	27.441
14.517	27.686
14.546	27.441
14.561	27.588
14.619	27.490
14.590	27.930
14.590	27.783
14.648	27.783
14.648	28.174
14.692	27.979
14.678	28.027
14.751	28.027
14.751	28.271
14.780	28.320
14.795	28.271
14.795	28.418
14.839	28.125
14.839	28.467
14.824	28.516
14.897	28.613
14.897	28.662
14.927	28.955
14.956	28.516
14.971	28.809
15.000	28.564
15.000	28.857
15.059	28.906
15.059	28.955
15.059	29.004
15.073	29.150
15.103	29.053
15.190	29.297
15.132	29.297
15.190	29.443
15.205	29.346
15.205	29.492
15.249	29.443
15.249	29.443
15.278	29.541
15.308	29.736
15.322	26.221
15.337	0.684
15.366	-0.830
15.381	0.098
15.454	0.000
15.425	0.000
15.439	-0.049
15.498	-0.049
15.483	0.146
15.483	-0.049
15.527	-0.049
15.527	0.098
15.571	0.000
15.571	0.000
15.586	0.098
15.601	0.098
15.645	0.049
15.674	-0.098
15.703	-0.049
15.703	-0.049
15.718	0.049
15.747	0.098
15.776	0.342
15.820	-0.244
15.806	0.000
15.820	0.000
15.835	-0.098
15.879	-0.049
15.879	0.049
15.879	0.049
15.879	0.098
15.835	0.000
15.879	-0.146
15.864	0.000
15.879	-0.146
15.864	0.000
15.864	-0.098
15.864	0.098
15.879	-0.049
15.835	-0.098
15.864	0.146
15.864	0.049
15.879	0.049
15.879	0.195
15.923	0.049
15.879	-0.049
15.879	0.049
15.879	0.000
15.850	-0.049
15.864	0.098
15.908	-0.098
15.864	0.049
15.908	0.488
15.864	0.049
15.864	0.000
15.879	0.000
15.879	0.195
15.864	0.049
15.879	0.000
15.864	-0.049
15.864	0.000
15.864	0.000
15.864	0.000
15.879	0.049
15.879	-0.049
15.894	0.244
15.879	0.000
15.879	-0.049
15.879	-0.098
15.850	-0.049
15.879	-0.049
15.879	-0.098
