0.015	0.391
0.029	0.439
0.015	-0.049
0.044	0.391
0.029	0.244
0.015	0.293
0.073	0.537
0.073	0.391
0.088	0.293
0.117	0.342
0.117	0.439
0.176	0.488
0.132	0.391
0.176	0.439
0.161	0.537
0.190	0.439
0.190	0.439
0.161	0.439
0.220	0.537
0.220	0.537
0.220	0.488
0.234	0.586
0.264	0.537
0.293	0.732
0.308	0.781
0.308	0.635
0.337	0.732
0.352	0.732
0.308	0.781
0.352	0.928
0.366	0.879
0.381	1.123
0.396	0.977
0.410	1.025
0.425	0.781
0.469	0.879
0.454	1.025
0.483	1.123
0.498	1.025
0.498	1.318
0.527	1.318
0.527	1.318
0.542	1.270
0.571	1.270
0.557	1.221
0.586	1.318
0.601	1.270
0.645	1.514
0.630	1.465
0.659	1.465
0.674	1.562
0.645	1.562
0.688	1.611
0.688	1.367
0.718	1.562
0.747	1.709
0.747	1.758
0.747	1.953
0.791	1.807
0.776	1.807
0.791	1.709
0.806	1.758
0.850	1.855
0.835	1.904
0.835	2.197
0.864	2.197
0.894	2.148
0.908	2.246
0.937	2.344
0.923	2.295
0.967	2.344
0.981	2.295
0.981	2.441
1.011	2.588
1.025	2.539
1.040	2.490
1.069	2.637
1.069	2.588
1.084	2.686
1.099	2.686
1.128	2.734
1.128	2.734
1.143	2.979
1.157	2.881
1.172	2.686
1.187	2.832
1.201	2.734
1.230	3.076
1.245	2.979
1.245	3.174
1.260	3.223
1.260	3.271
1.304	3.223
1.318	3.320
1.333	3.125
1.333	3.223
1.362	3.418
1.377	3.369
1.377	3.467
1.392	3.223
1.406	3.613
1.450	3.418
1.450	3.760
1.494	3.564
1.494	3.760
1.523	3.760
1.538	3.857
1.538	3.760
1.553	3.809
1.582	3.711
1.597	3.906
1.597	3.955
1.611	4.004
1.641	4.004
1.655	4.248
1.670	4.102
1.670	4.199
1.714	4.248
1.714	4.199
1.714	4.297
1.743	4.395
1.758	4.541
1.802	4.443
1.772	4.590
1.816	4.541
1.831	4.687
1.831	4.492
1.860	4.639
1.875	4.687
1.890	4.736
1.919	4.785
1.948	4.785
1.904	4.932
1.948	4.932
1.978	5.029
1.992	5.176
2.021	5.078
2.021	5.127
2.036	5.078
2.080	5.029
2.080	5.127
2.124	5.029
2.109	5.322
2.109	5.273
2.124	5.420
2.139	5.225
2.153	5.273
2.153	5.322
2.153	5.420
2.212	5.615
2.227	5.615
2.241	5.664
2.256	5.664
2.271	5.664
2.271	5.811
2.300	5.615
2.314	5.762
2.388	5.811
2.329	5.762
2.358	5.664
2.358	5.859
2.388	5.859
2.388	5.859
2.417	5.957
2.446	6.201
2.476	6.055
2.490	6.201
2.505	6.250
2.490	6.201
2.520	6.348
2.534	6.201
2.549	6.201
2.563	6.299
2.578	6.396
2.607	6.348
2.607	6.592
2.666	6.592
2.651	6.396
2.681	6.738
2.681	6.104
2.695	6.738
2.666	6.641
2.710	6.543
2.739	6.689
2.739	6.494
2.739	6.738
2.739	6.787
2.798	6.738
2.798	6.738
2.827	6.836
2.842	6.885
2.886	6.934
2.871	6.982
2.886	7.031
2.915	6.689
2.915	7.031
2.930	7.129
2.930	6.934
2.959	7.227
2.988	6.982
3.032	7.275
3.018	7.324
3.018	7.520
3.076	7.275
3.091	7.422
3.091	7.373
3.105	7.373
3.105	7.471
3.120	7.568
3.149	7.568
3.135	7.520
3.179	7.471
3.149	7.568
3.237	7.471
3.223	7.568
3.237	7.568
3.267	7.666
3.281	7.715
3.281	7.568
3.311	7.812
3.296	7.812
3.340	7.764
3.325	7.812
3.354	7.910
3.413	8.008
3.442	8.008
3.442	8.154
3.472	7.959
3.472	8.057
3.501	8.301
3.501	8.008
3.516	8.154
3.545	8.350
3.545	8.057
3.560	8.252
3.604	8.350
3.604	8.252
3.618	8.203
3.633	8.301
3.633	8.252
3.677	8.252
3.662	8.496
3.691	8.350
3.677	8.350
3.735	8.447
3.735	8.643
3.750	8.447
3.750	8.350
3.809	8.594
3.809	8.447
3.823	8.594
3.823	8.643
3.853	8.691
3.867	8.447
3.896	8.447
3.911	8.691
3.926	8.643
3.955	8.789
3.955	8.838
3.955	8.789
3.955	8.838
3.999	8.887
4.014	8.838
4.043	9.082
4.043	8.838
4.072	8.691
4.087	8.984
4.116	8.984
4.102	8.887
4.131	8.984
4.146	8.887
4.160	9.131
4.175	9.033
4.189	9.082
4.204	8.936
4.233	9.180
4.233	8.984
4.263	9.229
4.263	9.082
4.307	9.033
4.307	9.082
4.307	9.277
4.292	9.375
4.351	9.180
4.351	9.424
4.365	9.424
4.380	9.180
4.409	9.326
4.438	9.326
4.424	9.229
4.453	9.326
4.482	9.277
4.482	9.668
4.497	9.619
4.512	9.521
4.526	9.668
4.541	9.570
4.556	9.473
4.556	9.473
4.585	9.570
4.614	9.521
4.585	9.619
4.644	9.668
4.658	9.473
4.687	9.570
4.702	9.668
4.702	9.814
4.717	9.766
4.731	9.570
4.731	9.668
4.775	9.717
4.761	9.717
4.805	9.814
4.805	9.863
4.805	9.814
4.834	9.863
4.849	9.912
4.863	9.912
4.893	9.863
4.907	9.912
4.937	10.059
4.922	9.814
4.951	9.717
4.980	10.156
4.980	10.059
4.980	10.059
5.024	10.059
5.054	9.961
5.054	10.156
5.098	10.107
5.098	10.205
5.098	10.254
5.112	10.303
5.156	10.156
5.142	10.205
5.156	10.303
5.171	10.400
5.200	10.156
5.215	10.547
5.215	10.303
5.244	10.303
5.259	10.107
5.273	10.449
5.303	10.352
5.303	10.449
5.332	10.352
5.332	10.303
5.347	10.498
5.376	10.547
5.391	10.596
5.405	10.693
5.405	10.596
5.435	10.498
5.449	10.596
5.464	10.645
5.449	10.596
5.508	10.645
5.537	10.742
5.566	10.693
5.537	10.693
5.581	10.791
5.581	10.742
5.610	10.986
5.610	10.889
5.625	10.693
5.654	10.645
5.684	10.791
5.684	10.791
5.698	10.937
5.742	10.791
5.728	10.889
5.742	10.986
5.757	11.084
5.771	10.986
5.786	10.986
5.815	11.133
5.830	10.986
5.859	11.035
5.845	11.133
5.874	11.279
5.947	10.937
5.889	11.182
5.918	11.279
5.962	11.035
5.977	11.182
5.977	11.621
5.991	11.523
6.035	11.279
6.035	11.475
6.050	11.084
6.079	11.328
6.094	11.328
6.094	11.426
6.123	11.279
6.138	11.475
6.152	11.426
6.167	11.230
6.182	11.377
6.196	11.621
6.211	11.377
6.240	11.426
6.270	11.572
6.270	11.475
6.284	11.426
6.299	11.523
6.328	11.572
6.328	11.768
6.357	11.719
6.372	11.719
6.387	11.670
6.387	11.670
6.431	11.816
6.431	11.719
6.475	11.914
6.475	11.816
6.504	12.061
6.519	12.061
6.533	11.914
6.592	12.012
6.533	12.012
6.592	12.012
6.621	12.061
6.636	11.963
6.680	12.061
6.694	12.158
6.680	12.109
6.709	12.207
6.724	12.109
6.724	12.158
6.753	12.207
6.768	12.402
6.782	12.158
6.826	12.256
6.826	12.256
6.826	12.451
6.855	12.158
6.855	12.305
6.870	12.256
6.929	12.402
6.929	12.354
6.929	12.451
6.958	12.305
6.958	12.549
7.017	12.744
7.017	12.500
7.075	12.549
7.046	12.549
7.061	12.695
7.075	12.793
7.090	12.695
7.148	12.891
7.134	12.744
7.163	12.695
7.163	12.695
7.192	12.842
7.222	12.744
7.222	12.842
7.236	12.988
7.251	12.891
7.266	12.939
7.280	12.939
7.310	13.135
7.324	13.037
7.354	13.037
7.383	12.891
7.383	12.988
7.383	13.330
7.397	13.330
7.412	13.379
7.456	13.184
7.471	13.330
7.485	13.281
7.500	13.330
7.515	13.037
7.559	13.428
7.573	13.428
7.573	13.428
7.573	13.428
7.617	13.379
7.617	13.379
7.617	13.623
7.632	13.721
7.676	13.574
7.705	13.721
7.720	13.672
7.749	13.672
7.749	13.721
7.764	13.916
7.778	13.867
7.822	13.770
7.837	13.867
7.837	13.770
7.822	13.623
7.866	13.867
7.910	13.818
7.910	13.965
7.954	13.965
7.954	14.062
7.969	13.965
7.983	14.062
8.013	14.014
8.057	13.770
8.027	14.209
8.071	14.258
8.071	14.209
8.101	14.160
8.115	14.307
8.159	14.209
8.159	14.209
8.188	14.453
8.174	14.404
8.188	14.355
8.232	14.258
8.218	14.453
8.276	14.453
8.276	14.551
8.276	14.600
8.335	14.648
8.335	14.648
8.364	14.600
8.394	14.795
8.394	14.795
8.467	14.746
8.408	14.746
8.452	15.234
8.452	14.697
8.467	14.893
8.511	14.941
8.511	15.039
8.540	14.990
8.569	14.941
8.569	14.844
8.613	15.088
8.613	15.137
8.628	15.234
8.643	15.039
8.657	15.039
8.687	15.234
8.716	15.186
8.745	15.381
8.730	15.332
8.760	15.381
8.789	15.527
8.804	15.527
8.818	15.576
8.848	15.430
8.848	15.479
8.892	15.576
8.892	15.576
8.906	15.771
8.921	15.625
8.936	15.576
8.965	15.527
8.979	15.723
8.979	15.771
9.023	15.967
9.038	15.869
9.067	15.918
9.082	16.260
9.082	15.918
9.126	16.016
9.155	15.869
9.155	15.918
9.155	16.064
9.170	16.016
9.258	16.260
9.229	16.113
9.243	16.162
9.258	15.771
9.287	16.211
9.316	16.357
9.302	16.357
9.331	16.406
9.360	16.309
9.375	16.504
9.390	16.406
9.404	16.553
9.434	16.602
9.434	16.553
9.463	16.650
9.492	16.553
9.521	16.504
9.507	16.699
9.507	16.797
9.551	16.895
9.565	16.748
9.580	16.797
9.624	16.895
9.624	16.943
9.653	16.943
9.653	16.846
9.697	16.943
9.712	17.041
9.712	17.139
9.785	17.090
9.727	17.139
9.800	17.090
9.800	17.285
9.829	17.334
9.829	17.285
9.888	17.383
9.888	17.383
9.844	17.432
9.917	17.529
9.917	17.432
9.976	17.529
9.961	17.480
9.990	17.480
10.020	17.627
10.020	17.627
10.049	17.676
10.078	17.676
10.078	17.822
10.107	17.871
10.137	17.822
10.122	17.871
10.151	17.822
10.166	17.969
10.195	18.066
10.210	18.066
10.210	17.871
10.254	18.164
10.298	18.359
10.298	18.115
10.312	18.262
10.327	18.115
10.312	18.262
10.327	18.408
10.386	18.262
10.430	18.359
10.386	18.457
10.415	18.555
10.459	18.701
10.474	18.457
10.488	18.652
10.532	18.652
10.518	18.701
10.532	18.701
10.562	18.750
10.591	18.604
10.605	18.701
10.620	18.896
10.620	18.896
10.679	18.799
10.649	18.945
10.664	18.848
10.679	18.994
10.752	19.141
10.723	19.092
10.767	19.092
10.781	19.385
10.825	19.287
10.869	19.385
10.825	19.141
10.869	19.336
10.884	19.189
10.898	19.385
10.928	19.434
10.957	19.531
10.898	19.531
11.001	19.629
10.986	19.629
11.045	19.678
11.030	19.678
11.045	19.629
11.045	19.971
11.060	19.971
11.104	19.824
11.133	19.824
11.147	19.824
11.147	19.971
11.177	20.117
11.191	20.068
11.221	20.068
11.235	19.971
11.265	20.410
11.279	20.312
11.265	20.264
11.338	20.215
11.353	20.215
11.323	20.459
11.367	20.361
11.382	20.361
11.411	20.459
11.440	20.752
11.440	20.605
11.470	20.557
11.455	20.703
11.499	20.752
11.514	20.654
11.528	20.459
11.558	20.752
11.602	20.801
11.572	20.898
11.616	20.996
11.631	21.094
11.646	20.996
11.675	21.094
11.689	21.143
11.704	21.143
11.719	21.436
11.733	21.289
11.792	21.289
11.792	21.387
11.807	21.338
11.836	21.240
11.851	21.436
11.865	21.484
11.880	21.680
11.909	21.582
11.909	21.484
11.938	21.680
11.968	21.875
11.982	21.777
12.012	21.826
12.026	21.924
12.041	21.826
12.056	21.924
12.085	21.777
12.100	22.021
12.129	22.119
12.129	22.266
12.144	22.119
12.173	22.266
12.202	22.314
12.202	22.266
12.231	22.412
12.231	22.363
12.261	22.461
12.319	22.510
12.334	22.607
12.305	22.656
12.349	22.705
12.363	22.607
12.393	22.852
12.407	22.803
12.437	22.803
12.451	22.803
12.480	22.803
12.480	22.900
12.495	23.047
12.510	23.145
12.539	23.193
12.612	23.193
12.568	23.096
12.671	23.242
12.598	23.242
12.642	23.291
12.656	23.145
12.715	23.389
12.642	23.584
12.715	23.535
12.715	23.437
12.744	23.730
12.773	23.877
12.803	23.779
12.817	23.730
12.832	23.877
12.876	23.877
12.876	23.975
12.905	23.828
12.920	23.926
12.935	24.072
12.964	24.219
12.993	24.072
12.993	24.219
13.022	24.121
13.022	24.365
13.110	24.365
13.096	24.170
13.110	24.463
13.125	24.365
13.140	24.561
13.169	24.561
13.184	24.707
13.198	24.756
13.242	24.951
13.242	24.854
13.257	24.854
13.286	24.951
13.286	25.049
13.301	25.146
13.330	25.000
13.359	24.902
13.374	25.195
13.403	25.244
13.418	25.293
13.403	25.195
13.447	25.391
13.477	25.391
13.491	25.391
13.521	25.488
13.535	25.586
13.550	25.635
13.550	25.684
13.594	25.879
13.594	25.732
13.638	25.781
13.667	25.977
13.667	25.781
13.696	26.025
13.726	26.025
13.740	26.074
13.770	26.221
13.813	26.221
13.799	26.172
13.828	26.514
13.843	26.416
13.857	26.416
13.872	26.514
13.931	26.465
13.931	26.465
13.960	26.562
13.960	26.709
13.989	26.660
13.989	26.709
14.033	26.807
14.048	26.953
14.048	26.904
14.077	27.002
14.092	27.100
14.121	27.100
14.180	27.100
14.165	27.344
14.224	27.295
14.180	27.344
14.224	27.246
14.238	27.197
14.297	27.588
14.268	27.588
14.341	27.588
14.370	27.637
14.341	27.686
14.370	27.783
14.385	27.881
14.443	28.125
14.414	27.930
14.458	27.930
14.473	28.320
14.502	27.930
14.502	28.125
14.502	28.174
14.531	28.271
14.561	28.369
14.604	28.223
14.619	28.418
14.648	28.516
14.663	28.516
14.678	28.662
14.707	28.760
14.722	28.857
14.707	28.955
14.780	28.613
14.766	28.857
14.810	28.906
14.824	28.906
14.839	28.955
14.868	29.150
14.868	29.199
14.897	29.248
14.956	29.297
14.956	29.199
14.971	29.346
14.985	29.395
15.000	29.639
15.029	29.346
15.059	29.736
15.103	29.785
15.088	29.736
15.117	29.834
15.117	29.883
15.176	29.687
15.146	29.980
15.190	30.127
15.220	30.078
15.161	30.078
15.264	30.322
15.278	30.322
15.278	30.420
15.322	30.420
15.322	30.420
15.337	30.518
15.366	30.615
15.381	30.664
15.381	30.713
15.439	30.908
15.454	30.713
15.454	30.518
15.483	30.957
15.498	30.957
15.542	31.104
15.571	31.250
15.542	31.055
15.615	31.299
15.615	31.299
15.645	31.299
15.703	31.250
15.674	31.396
15.703	31.689
15.762	31.494
15.718	31.592
15.732	31.689
15.776	31.689
15.762	31.543
15.820	31.982
15.806	31.934
15.835	32.080
15.850	32.227
15.908	32.227
15.923	32.227
15.923	32.373
15.967	32.324
15.981	32.422
16.011	32.275
16.040	32.520
16.055	32.617
16.069	32.715
16.099	32.959
16.084	32.812
16.143	32.666
16.157	33.008
16.172	33.057
16.201	33.008
16.216	33.154
16.230	33.154
16.260	33.301
16.274	33.105
16.289	33.252
16.304	33.496
16.348	33.594
16.348	33.496
16.377	33.545
16.406	33.594
16.421	33.691
16.436	33.691
16.450	33.936
16.479	33.984
16.494	34.375
16.509	33.984
16.523	34.131
16.582	34.180
16.582	34.131
16.597	34.375
16.626	34.424
16.641	34.424
16.655	34.521
16.670	34.570
16.699	34.424
16.729	34.668
16.729	5.273
16.772	-1.074
16.787	-0.049
16.802	0.146
16.816	-0.098
16.816	-0.146
16.831	0.049
16.904	0.000
16.919	0.049
16.919	0.000
16.948	0.195
16.978	0.000
16.963	0.049
16.992	0.049
17.021	0.049
17.065	0.000
17.065	0.000
17.080	0.195
17.109	-0.098
17.095	-0.049
17.153	0.000
17.197	0.098
17.197	-0.049
17.212	-0.049
17.212	-0.244
17.241	0.146
17.285	0.049
17.285	-0.049
17.329	-0.146
17.344	0.000
17.373	-0.146
17.402	-0.049
17.432	0.049
17.388	-0.049
17.402	-0.098
17.388	-0.049
17.388	-0.098
17.388	-0.049
17.432	-0.098
17.402	0.098
17.388	0.049
17.388	0.098
17.373	-0.049
17.388	-0.049
17.402	-0.146
17.402	0.000
17.388	-0.195
17.373	-0.146
17.373	0.000
17.432	0.049
17.417	-0.049
17.388	0.049
17.388	0.049
17.446	-0.098
17.388	-0.146
17.388	-0.049
17.388	0.049
17.388	0.049
17.402	-0.146
17.402	0.049
17.373	0.000
