0.029	0.000
0.015	0.049
0.029	0.098
0.073	0.098
0.059	0.098
0.059	0.049
0.073	0.244
0.103	0.146
0.117	0.146
0.117	0.293
0.132	0.293
0.146	0.195
0.146	0.146
0.146	0.244
0.176	0.293
0.205	0.342
0.234	0.195
0.249	0.439
0.264	0.391
0.264	0.342
0.264	0.586
0.293	0.537
0.293	0.586
0.322	0.439
0.337	0.488
0.352	0.586
0.366	0.732
0.381	0.635
0.410	0.586
0.410	0.635
0.410	0.879
0.410	0.781
0.454	0.977
0.498	0.879
0.425	0.879
0.498	0.781
0.483	0.928
0.483	0.879
0.527	0.928
0.542	1.270
0.557	1.074
0.557	1.270
0.586	1.221
0.586	1.270
0.601	1.074
0.615	1.270
0.630	1.465
0.630	1.123
0.659	1.416
0.688	1.270
0.703	1.611
0.688	1.709
0.732	1.758
0.732	1.611
0.791	1.807
0.776	1.562
0.791	1.465
0.820	1.660
0.820	1.904
0.835	2.051
0.850	2.148
0.850	1.953
0.879	2.246
0.879	2.051
0.894	2.051
0.923	2.197
0.923	2.490
0.952	2.441
0.996	2.148
0.981	2.344
0.996	2.490
1.055	2.295
1.025	2.881
1.040	2.734
1.055	2.979
1.069	2.637
1.069	2.881
1.099	2.734
1.128	2.783
1.099	3.125
1.157	2.979
1.157	3.027
1.201	3.174
1.201	3.223
1.216	3.271
1.216	3.223
1.230	3.418
1.245	3.271
1.245	3.467
1.289	3.613
1.318	3.564
1.318	3.711
1.318	3.613
1.348	3.760
1.392	3.467
1.377	3.906
1.392	3.857
1.450	3.906
1.421	4.053
1.436	4.004
1.479	4.053
1.479	4.150
1.465	4.004
1.494	4.248
1.494	4.199
1.523	4.248
1.509	4.346
1.582	4.248
1.582	4.590
1.582	4.590
1.597	4.639
1.626	4.395
1.626	4.639
1.641	4.443
1.699	4.980
1.670	4.883
1.699	4.883
1.699	4.932
1.714	4.883
1.743	4.785
1.758	4.834
1.743	5.127
1.802	5.176
1.846	5.127
1.802	5.322
1.846	5.469
1.890	5.371
1.846	5.371
1.875	5.469
1.875	5.566
1.904	5.566
1.919	5.566
1.934	5.615
1.963	5.713
1.978	5.811
1.992	5.957
2.007	5.859
2.021	6.006
2.036	6.055
2.051	5.957
2.065	6.152
2.095	6.299
2.139	6.348
2.124	6.152
2.124	6.299
2.139	6.348
2.124	6.348
2.197	6.299
2.183	6.543
2.197	6.299
2.227	6.445
2.227	6.543
2.241	6.641
2.256	6.641
2.300	6.494
2.271	6.641
2.300	6.787
2.314	6.641
2.329	6.885
2.344	6.738
2.358	6.885
2.388	6.934
2.358	6.982
2.402	7.031
2.417	7.080
2.476	7.373
2.476	7.178
2.490	7.324
2.505	7.471
2.520	7.373
2.534	7.373
2.549	7.471
2.578	7.471
2.549	7.422
2.607	7.471
2.593	7.666
2.651	7.471
2.681	7.520
2.651	7.617
2.666	7.568
2.681	7.812
2.710	7.764
2.710	7.812
2.710	7.812
2.739	6.152
2.754	0.586
2.769	-0.244
2.812	-0.098
2.812	0.000
2.812	0.000
2.842	0.098
2.871	-0.098
2.886	0.098
2.886	0.000
2.915	0.000
2.915	0.049
2.930	-0.244
2.930	-0.049
2.930	0.098
2.988	0.146
2.988	0.000
2.988	-0.195
3.018	0.049
3.018	0.098
3.062	0.000
3.076	-0.098
3.135	-0.098
3.135	0.049
3.149	0.244
3.120	0.146
3.149	0.000
3.193	-0.146
3.179	0.146
3.223	-0.049
3.223	-0.146
3.223	-0.049
3.252	0.000
3.252	-0.146
3.267	0.098
3.296	-0.146
3.296	-0.146
3.311	0.049
3.311	-0.049
3.325	0.000
3.354	0.000
3.413	-0.049
3.398	-0.098
3.398	0.049
3.428	0.049
3.413	0.098
3.472	0.049
3.486	-0.146
3.486	-0.098
3.457	0.000
3.516	-0.098
3.530	0.049
3.560	0.098
3.574	0.000
3.574	-0.098
3.560	0.049
3.604	0.000
3.618	0.146
3.647	-0.098
3.662	-0.098
3.706	0.049
3.691	-0.098
3.721	0.098
3.735	0.049
3.721	0.000
3.779	0.000
3.794	-0.049
3.794	-0.098
3.809	-0.049
3.823	-0.146
3.853	-0.049
3.853	0.098
3.867	-0.098
3.882	-0.293
3.926	0.049
3.882	-0.049
3.940	0.098
3.984	0.049
3.984	0.049
3.984	0.391
4.014	0.049
4.028	-0.049
4.028	-0.049
4.043	0.000
4.058	-0.049
4.072	-0.146
4.102	0.049
4.102	0.293
4.116	-0.098
4.175	0.049
4.146	0.098
4.189	-0.049
4.204	0.195
4.204	0.146
4.204	0.000
4.204	0.049
4.233	0.000
4.263	0.049
4.307	0.195
4.292	0.049
4.307	0.195
4.307	-0.195
4.336	-0.049
4.365	-0.146
4.380	-0.049
4.336	0.195
4.365	-0.049
4.380	0.049
4.336	0.098
4.365	-0.244
4.380	-0.146
4.380	-0.195
4.336	-0.098
4.365	-0.146
4.365	0.000
4.365	0.049
4.365	-0.195
4.380	0.000
4.365	0.000
4.380	-0.049
4.365	0.000
4.351	0.049
4.365	0.098
4.424	0.000
4.365	0.098
4.380	-0.195
4.365	0.000
4.365	0.000
4.365	0.049
4.351	0.000
4.365	0.049
4.365	0.000
4.380	0.049
4.365	-0.098
4.365	-0.098
4.351	0.146
4.380	0.098
4.351	-0.098
4.365	0.146
4.351	0.000
4.380	0.000
4.365	0.000
4.351	0.049
4.351	0.098
4.365	0.146
4.336	0.098
4.365	0.146
4.365	-0.195
4.351	0.098
4.365	0.000
4.365	0.000
4.351	0.000
4.365	0.000
4.395	-0.098
4.365	-0.098
4.365	-0.049
4.365	0.049
4.380	0.000
4.365	0.098
4.365	0.000
4.351	-0.049
4.365	0.049
4.351	-0.391
