0.029	0.586
0.029	0.244
0.029	0.439
0.015	0.391
0.029	0.342
0.015	0.391
0.029	0.537
0.044	0.342
0.073	0.488
0.103	0.391
0.073	0.586
0.117	0.537
0.117	0.635
0.132	0.537
0.146	0.537
0.161	0.781
0.176	0.732
0.190	0.781
0.190	0.635
0.190	0.781
0.220	0.879
0.220	0.830
0.264	0.830
0.293	0.928
0.293	1.123
0.308	0.928
0.293	0.977
0.322	1.123
0.381	1.025
0.366	0.977
0.396	1.123
0.410	1.172
0.410	1.318
0.439	1.172
0.439	1.465
0.439	1.270
0.469	1.270
0.454	1.562
0.498	1.562
0.469	1.562
0.513	1.416
0.542	1.562
0.557	1.758
0.557	1.709
0.571	1.758
0.571	1.660
0.601	1.709
0.615	1.611
0.615	1.758
0.659	1.904
0.659	2.051
0.674	1.904
0.688	1.807
0.718	2.002
0.762	2.246
0.747	2.002
0.762	2.148
0.776	1.953
0.791	2.148
0.776	2.246
0.806	2.441
0.850	2.344
0.879	2.393
0.835	2.295
0.879	2.344
0.908	2.393
0.908	2.588
0.923	2.637
0.981	2.783
0.952	2.686
0.996	2.686
0.981	2.930
1.011	2.881
1.025	2.979
1.055	2.930
1.069	2.930
1.069	2.979
1.084	2.979
1.099	2.979
1.069	3.174
1.113	3.076
1.201	3.174
1.172	3.223
1.201	3.369
1.187	3.418
1.216	3.271
1.230	3.467
1.245	3.516
1.245	3.418
1.260	3.467
1.289	3.613
1.289	3.711
1.348	3.760
1.333	3.711
1.362	3.711
1.406	3.809
1.377	3.809
1.392	3.711
1.392	3.760
1.406	3.662
1.436	3.613
1.465	3.857
1.465	3.906
1.494	3.809
1.494	4.004
1.538	4.248
1.523	4.150
1.553	4.102
1.567	4.248
1.582	4.395
1.582	4.297
1.597	4.346
1.597	4.346
1.626	4.541
1.685	4.395
1.685	4.492
1.699	4.590
1.699	4.541
1.714	4.541
1.743	4.639
1.772	4.687
1.758	4.883
1.787	4.834
1.802	4.932
1.846	4.639
1.831	4.883
1.846	4.980
1.860	4.932
1.875	5.078
1.919	5.176
1.919	5.127
1.934	5.176
1.948	5.371
1.978	5.176
1.992	4.980
1.992	5.371
2.007	5.273
2.021	5.469
2.036	5.518
2.080	5.371
2.080	5.469
2.095	5.371
2.095	5.518
2.109	5.566
2.124	5.371
2.139	5.811
2.153	5.664
2.168	5.664
2.183	5.762
2.183	5.859
2.212	5.859
2.227	5.762
2.241	5.908
2.271	5.811
2.314	5.908
2.300	5.957
2.314	6.055
2.329	6.006
2.344	5.957
2.373	6.104
2.388	5.908
2.373	6.104
2.417	6.250
2.432	6.055
2.432	6.250
2.446	6.250
2.461	6.299
2.476	6.348
2.476	6.250
2.520	6.445
2.520	6.592
2.549	6.396
2.549	6.494
2.593	6.494
2.563	6.543
2.593	6.494
2.622	6.836
2.637	6.689
2.622	6.689
2.651	6.641
2.666	6.641
2.681	6.592
2.710	6.641
2.739	6.641
2.739	6.934
2.754	6.885
2.769	6.836
2.798	6.934
2.812	6.787
2.798	6.982
2.842	6.934
2.827	6.934
2.842	6.982
2.871	7.031
2.915	7.031
2.915	7.129
2.930	7.031
2.944	7.227
2.944	7.324
2.959	7.129
2.988	7.373
3.003	7.275
3.047	7.275
3.032	7.275
3.062	7.666
3.076	7.324
3.091	7.471
3.105	7.520
3.120	7.373
3.135	7.666
3.149	7.129
3.164	7.520
3.179	7.471
3.223	7.568
3.208	7.666
3.223	7.617
3.252	7.568
3.252	7.178
3.281	7.812
3.296	7.715
3.311	7.959
3.340	7.959
3.354	7.959
3.384	7.861
3.384	7.910
3.413	7.959
3.413	8.008
3.457	8.008
3.442	8.057
3.472	8.105
3.486	8.057
3.501	7.959
3.486	8.203
3.530	8.350
3.545	8.252
3.574	8.301
3.574	8.398
3.589	7.959
3.618	8.252
3.633	8.301
3.633	8.350
3.677	8.350
3.677	8.398
3.691	8.447
3.721	8.301
3.765	8.301
3.706	8.447
3.735	8.398
3.779	8.350
3.779	8.447
3.765	8.447
3.809	8.496
3.823	8.398
3.853	8.447
3.867	8.496
3.867	8.691
3.896	8.594
3.926	8.594
3.911	8.789
3.955	8.643
3.984	8.740
3.999	8.643
3.984	8.984
3.999	8.789
4.028	8.838
4.043	8.936
4.058	8.887
4.043	9.033
4.087	8.984
4.116	8.936
4.131	8.887
4.146	9.033
4.160	8.838
4.189	9.033
4.175	8.936
4.204	8.984
4.204	9.082
4.263	8.936
4.204	9.180
4.248	9.180
4.263	9.033
4.292	9.229
4.307	9.180
4.336	9.033
4.351	9.424
4.365	9.229
4.395	9.277
4.395	9.326
4.409	9.326
4.424	9.180
4.438	9.375
4.453	9.375
4.468	9.375
4.482	9.180
4.526	9.375
4.512	9.131
4.512	9.375
4.570	9.375
4.556	9.570
4.629	9.473
4.614	9.473
4.600	9.570
4.629	9.521
4.644	9.717
4.673	9.570
4.644	9.717
4.702	9.668
4.687	9.766
4.687	9.766
4.761	9.668
4.746	9.814
4.775	9.570
4.775	9.668
4.805	9.717
4.819	9.863
4.834	9.766
4.849	9.717
4.849	9.863
4.863	9.863
4.893	9.863
4.893	10.156
4.922	9.961
4.951	9.912
4.966	10.059
4.980	10.059
4.995	9.961
5.010	10.010
5.024	10.059
5.054	10.059
5.068	10.059
5.098	10.059
5.112	10.059
5.068	10.156
5.098	10.107
5.112	10.107
5.156	9.912
5.171	10.156
5.156	10.352
5.200	10.303
5.229	10.400
5.244	10.205
5.288	10.352
5.259	10.352
5.332	10.303
5.303	10.449
5.317	10.400
5.317	10.449
5.332	10.547
5.361	10.400
5.376	10.449
5.391	10.449
5.405	10.547
5.449	10.498
5.449	10.596
5.464	10.596
5.479	10.547
5.493	10.596
5.508	10.645
5.537	10.742
5.552	10.693
5.566	10.693
5.566	10.791
5.596	10.596
5.640	10.742
5.625	11.084
5.684	10.693
5.684	10.840
5.684	10.937
5.698	10.937
5.698	10.986
5.728	10.937
5.757	10.986
5.757	10.840
5.801	10.937
5.801	10.889
5.801	10.937
5.845	10.937
5.845	11.035
5.859	11.133
5.889	11.035
5.903	11.182
5.918	11.035
5.933	11.133
5.947	11.133
5.933	11.279
5.977	11.182
5.991	11.230
6.006	11.426
6.035	11.328
6.050	11.230
6.050	11.377
6.064	11.377
6.064	11.426
6.123	11.475
6.138	11.328
6.152	11.475
6.196	11.523
6.182	11.475
6.196	11.621
6.211	11.768
6.211	11.572
6.240	11.621
6.284	11.621
6.284	11.719
6.284	11.816
6.299	11.523
6.328	11.670
6.372	11.670
6.372	11.768
6.401	11.816
6.401	11.865
6.416	11.963
6.431	12.012
6.460	11.816
6.460	11.963
6.489	11.914
6.489	11.768
6.504	11.914
6.533	11.914
6.562	12.109
6.548	12.012
6.592	12.109
6.606	12.207
6.606	12.158
6.650	12.109
6.665	12.109
6.680	12.061
6.694	12.354
6.709	12.256
6.768	12.256
6.768	12.158
6.753	12.207
6.797	12.207
6.797	12.354
6.797	12.207
6.826	12.402
6.855	12.354
6.885	12.549
6.885	12.549
6.899	12.451
6.929	12.549
6.943	12.451
6.958	12.695
6.987	12.598
6.987	12.842
7.002	12.793
7.017	12.793
7.046	12.695
7.031	12.891
7.075	12.793
7.090	12.891
7.119	12.891
7.134	12.891
7.148	12.891
7.163	12.939
7.192	12.939
7.207	12.988
7.222	13.037
7.251	13.037
7.251	12.988
7.280	13.232
7.310	13.135
7.324	13.184
7.310	13.184
7.354	13.135
7.354	13.232
7.354	13.281
7.412	13.135
7.412	13.330
7.397	13.232
7.456	13.330
7.456	13.525
7.485	13.330
7.500	13.379
7.515	13.525
7.544	13.330
7.573	13.428
7.603	13.574
7.603	13.525
7.617	13.672
7.632	13.672
7.646	13.672
7.661	13.818
7.690	13.672
7.705	13.818
7.705	13.525
7.734	13.818
7.778	13.916
7.778	13.916
7.778	13.818
7.793	14.062
7.837	13.916
7.866	14.014
7.866	14.160
7.881	14.062
7.910	14.111
7.954	14.111
7.939	14.160
7.954	14.355
7.983	14.062
7.998	14.209
8.027	14.355
8.027	14.209
8.057	14.355
8.086	14.453
8.086	14.404
8.130	14.404
8.101	14.355
8.159	14.453
8.159	14.502
8.174	14.600
8.232	14.551
8.188	6.299
8.218	-0.684
8.247	-0.391
8.247	-0.146
8.276	-0.195
8.291	0.098
8.320	-0.195
8.350	-0.098
8.364	-0.244
8.379	-0.049
8.452	-0.244
8.408	-0.244
8.437	-0.049
8.437	-0.244
8.496	-0.146
8.467	-0.195
8.525	-0.146
8.511	-0.195
8.555	-0.195
8.555	-0.146
8.540	-0.098
8.613	-0.049
8.643	-0.244
8.628	-0.195
8.672	-0.049
8.716	-0.146
8.672	0.049
8.716	-0.098
8.745	-0.146
8.760	-0.146
8.804	-0.146
8.774	0.000
8.818	-0.244
8.818	-0.098
8.818	-0.049
8.906	-0.098
8.877	-0.146
8.921	-0.244
8.906	-0.049
8.950	-0.195
8.965	-0.195
8.965	-0.195
8.994	-0.342
9.009	-0.293
9.023	0.000
9.053	-0.244
9.053	-0.293
9.053	-0.098
9.053	-0.146
9.038	-0.195
9.053	-0.098
9.067	0.049
9.082	-0.146
9.053	-0.049
9.067	0.049
9.038	-0.098
9.053	-0.049
9.038	0.146
9.053	-0.098
9.053	-0.244
9.053	-0.244
9.053	-0.195
9.067	-0.146
9.053	0.000
9.053	-0.195
9.067	0.049
9.053	-0.195
9.053	-0.195
9.038	-0.049
9.038	0.000
9.082	-0.195
9.053	0.049
9.023	-0.146
9.038	-0.195
9.053	-0.195
9.053	-0.049
9.038	-0.049
