0.015	0.195
0.044	0.146
0.044	0.098
0.044	0.000
0.029	0.000
0.015	0.146
0.015	0.146
0.029	0.146
0.029	0.244
0.015	0.098
0.029	0.146
0.044	0.049
0.044	0.146
0.029	0.293
0.044	0.098
0.059	0.098
0.073	0.195
0.088	0.146
0.059	0.000
0.088	0.391
0.117	0.146
0.132	0.146
0.161	0.439
0.146	0.195
0.176	0.244
0.190	0.146
0.190	0.293
0.205	0.244
0.234	0.293
0.234	0.293
0.249	0.244
0.264	0.293
0.278	0.439
0.293	0.146
0.308	0.146
0.278	0.342
0.352	0.439
0.352	0.244
0.366	0.391
0.366	0.293
0.396	0.244
0.410	0.293
0.410	0.439
0.439	0.293
0.425	0.391
0.439	0.342
0.469	0.439
0.469	0.391
0.469	0.391
0.498	0.391
0.513	0.244
0.513	0.439
0.527	0.537
0.557	0.488
0.571	0.342
0.586	0.635
0.571	0.293
0.615	0.537
0.615	0.781
0.645	0.537
0.645	0.439
0.659	0.537
0.674	0.586
0.674	0.488
0.747	0.830
0.732	0.830
0.732	0.586
0.747	0.586
0.776	0.830
0.791	0.586
0.835	1.025
0.820	0.781
0.850	0.879
0.879	0.830
0.879	0.830
0.894	0.977
0.908	0.684
0.923	0.977
0.967	0.928
0.981	1.270
0.937	1.074
0.996	1.172
1.011	0.830
1.011	1.221
1.025	1.074
1.055	1.367
1.055	1.270
1.113	1.123
1.084	1.074
1.099	1.318
1.128	1.416
1.172	1.465
1.172	1.562
1.187	1.416
1.201	1.660
1.230	1.660
1.245	1.465
1.230	1.758
1.260	1.611
1.318	1.807
1.274	1.953
1.333	2.051
1.348	2.148
1.362	1.953
1.318	2.002
1.392	2.002
1.406	2.197
1.421	2.393
1.465	2.246
1.479	2.490
1.465	2.246
1.494	2.393
1.494	2.344
1.509	2.637
1.553	2.539
1.567	2.734
1.582	2.832
1.582	2.637
1.626	2.979
1.655	2.930
1.641	3.076
1.685	3.125
1.699	3.125
1.729	3.369
1.729	3.271
1.772	3.418
1.714	3.418
1.772	3.564
1.787	3.516
1.846	3.516
1.831	3.662
1.831	3.564
1.860	3.809
1.860	3.711
1.875	3.857
1.904	3.857
1.919	4.004
1.934	3.857
1.948	4.150
1.978	4.102
1.978	4.199
1.992	4.395
2.007	4.297
2.036	4.297
2.051	4.395
2.065	4.492
2.065	4.590
2.139	4.590
2.109	4.541
2.095	4.785
2.153	4.736
2.153	4.590
2.168	4.687
2.168	5.029
2.212	4.932
2.212	4.980
2.241	4.932
2.256	5.029
2.256	5.176
2.271	5.176
2.314	5.176
2.300	5.176
2.388	5.078
2.329	5.225
2.314	5.371
2.373	5.469
2.358	5.420
2.388	5.371
2.417	5.615
2.402	5.664
2.461	5.664
2.476	5.713
2.490	5.762
2.520	5.811
2.505	5.908
2.534	5.957
2.549	6.055
2.563	6.055
2.563	6.152
2.593	6.152
2.593	6.152
2.593	6.250
2.622	6.250
2.651	6.348
2.681	6.348
2.651	6.348
2.710	6.348
2.710	6.592
2.739	6.592
2.725	6.592
2.769	6.641
2.739	6.738
2.783	6.738
2.798	6.787
2.827	6.787
2.842	6.885
2.856	7.080
2.886	7.031
2.886	7.031
2.886	7.080
2.944	6.885
2.930	7.129
2.944	7.227
2.959	7.227
2.988	7.275
3.003	7.275
3.018	7.324
3.018	7.031
3.032	7.275
3.062	7.568
3.076	7.422
3.076	7.666
3.120	7.617
3.120	7.520
3.149	7.666
3.105	7.666
3.193	7.715
3.208	7.764
3.179	7.764
3.208	7.812
3.208	7.959
3.252	7.959
3.252	8.008
3.281	7.910
3.311	7.861
3.325	8.057
3.340	8.203
3.340	8.252
3.354	8.203
3.369	8.105
3.413	8.154
3.428	8.350
3.428	8.301
3.442	8.398
3.457	8.350
3.486	8.447
3.501	8.643
3.457	8.643
3.516	8.496
3.530	8.398
3.560	8.643
3.560	8.594
3.574	8.691
3.604	8.691
3.604	8.643
3.677	8.838
3.647	8.789
3.662	8.789
3.677	8.838
3.706	8.838
3.706	8.984
3.735	9.033
3.735	9.033
3.735	9.082
3.779	8.887
3.809	9.180
3.809	9.180
3.823	9.229
3.794	9.326
3.838	9.082
3.867	8.936
3.896	9.229
3.911	9.277
3.926	9.180
3.955	9.424
3.970	9.277
3.984	9.326
3.984	9.424
4.014	9.473
4.028	9.473
4.014	9.668
4.102	9.668
4.072	9.766
4.072	9.619
4.102	9.619
4.116	9.619
4.146	9.814
4.131	9.814
4.160	9.570
4.189	9.912
4.175	9.863
4.248	9.814
4.204	9.863
4.233	10.107
4.248	9.961
4.248	10.107
4.277	10.107
4.277	10.107
4.277	10.107
4.307	10.205
4.336	10.205
4.380	10.205
4.365	10.352
4.395	10.205
4.409	10.352
4.424	10.449
4.424	10.303
4.453	10.449
4.468	10.352
4.497	10.254
4.497	10.400
4.556	10.498
4.526	10.547
4.570	10.449
4.541	10.645
4.600	10.596
4.600	10.547
4.629	10.596
4.614	10.547
4.629	10.742
4.658	10.547
4.673	10.791
4.687	10.840
4.702	10.889
4.702	10.596
4.731	10.986
4.731	10.840
4.775	10.986
4.775	10.889
4.790	10.937
4.863	11.084
4.834	11.084
4.849	11.182
4.863	11.084
4.878	11.084
4.893	11.182
4.907	11.230
4.937	11.328
4.922	11.182
4.966	11.328
4.966	11.328
4.980	11.426
5.039	11.328
5.024	11.377
5.054	11.328
5.054	11.523
5.068	11.475
5.098	11.426
5.054	11.523
5.142	11.670
5.127	11.621
5.142	11.572
5.171	11.670
5.142	11.719
5.186	11.670
5.229	11.816
5.215	11.621
5.244	11.865
5.273	11.475
5.317	11.963
5.288	11.914
5.303	12.012
5.317	12.109
5.361	12.109
5.361	12.354
5.347	12.109
5.391	12.207
5.405	12.451
5.449	12.256
5.464	12.256
5.464	12.354
5.479	12.402
5.493	12.305
5.508	12.256
5.508	12.598
5.537	12.451
5.552	12.500
5.610	12.500
5.581	12.598
5.610	12.549
5.625	12.793
5.640	12.598
5.654	12.744
5.669	12.988
5.728	12.891
5.698	12.500
5.728	12.744
5.742	12.939
5.771	12.793
5.757	13.037
5.786	12.939
5.801	13.037
5.830	13.086
5.845	12.988
5.845	13.135
5.889	13.281
5.889	12.891
5.903	13.330
5.933	13.232
5.947	13.232
5.962	13.281
6.006	13.330
6.021	13.428
6.021	13.574
6.050	13.428
6.064	13.574
6.064	13.623
6.094	13.623
6.079	13.672
6.123	13.525
6.108	13.672
6.152	13.867
6.167	13.770
6.167	13.672
6.211	13.818
6.196	14.062
6.226	13.867
6.270	14.014
6.270	14.014
6.284	14.014
6.328	14.014
6.313	14.062
6.387	14.502
6.357	14.014
6.372	14.111
6.372	14.307
6.401	14.307
6.416	14.258
6.475	14.258
6.445	14.307
6.460	14.453
6.460	14.502
6.504	14.746
6.504	14.648
6.533	14.551
6.577	14.551
6.577	14.648
6.606	14.453
6.606	14.795
6.606	14.844
6.636	14.746
6.665	14.893
6.680	14.844
6.709	14.941
6.694	14.941
6.724	14.941
6.753	15.088
6.768	14.941
6.782	15.137
6.782	15.088
6.826	15.088
6.841	15.234
6.855	15.283
6.870	15.332
6.914	15.234
6.899	15.283
6.943	15.381
6.958	15.479
6.958	15.332
6.973	15.576
6.973	15.430
7.002	15.625
7.031	15.674
7.046	15.723
7.061	15.723
7.075	15.967
7.104	15.723
7.104	15.820
7.104	15.723
7.148	15.771
7.148	16.113
7.207	15.967
7.207	16.016
7.222	16.260
7.207	16.211
7.266	16.113
7.251	16.016
7.280	16.357
7.310	16.406
7.324	16.309
7.354	16.455
7.383	16.357
7.383	16.406
7.412	16.504
7.397	16.504
7.427	16.748
7.383	16.699
7.456	16.602
7.485	16.797
7.500	16.846
7.515	16.846
7.544	17.090
7.544	16.895
7.573	16.895
7.559	16.797
7.603	17.139
7.617	17.041
7.646	17.187
7.661	17.090
7.632	17.090
7.676	17.236
7.705	17.236
7.734	17.432
7.749	17.285
7.764	17.578
7.764	17.676
7.808	17.432
7.837	17.480
7.822	17.725
7.852	17.676
7.866	17.627
7.881	17.627
7.910	17.725
7.925	17.822
7.939	18.066
7.925	17.822
7.969	17.969
7.998	17.920
8.013	18.115
8.042	18.115
8.057	18.457
8.071	18.115
8.071	18.262
8.101	18.408
8.130	18.359
8.145	18.506
8.145	18.408
8.174	18.457
8.218	18.652
8.218	18.652
8.247	18.506
8.247	18.506
8.276	18.750
8.291	18.652
8.306	18.799
8.320	18.799
8.335	18.994
8.350	18.896
8.364	18.994
8.394	19.092
8.437	19.043
8.437	19.043
8.452	19.043
8.452	19.336
8.511	19.287
8.511	19.336
8.540	19.336
8.540	19.531
8.540	19.336
8.569	19.336
8.569	19.678
8.584	19.580
8.643	19.482
8.643	19.482
8.687	19.531
8.687	19.775
8.730	19.775
8.716	19.727
8.716	19.727
8.730	19.922
8.804	20.020
8.789	20.020
8.848	19.922
8.833	20.117
8.848	20.264
8.862	20.215
8.892	20.117
8.921	20.215
8.936	20.264
8.921	20.361
8.936	20.459
8.979	20.557
8.979	20.508
9.038	20.654
9.038	20.605
9.067	20.752
9.067	20.752
9.111	20.801
9.126	20.801
9.126	20.898
9.141	20.947
9.141	20.996
9.185	21.094
9.199	21.094
9.199	21.143
9.199	21.289
9.258	21.289
9.272	21.338
9.258	21.289
9.360	21.240
9.331	21.533
9.331	21.387
9.360	21.484
9.375	21.631
9.390	21.338
9.419	21.631
9.419	21.777
9.434	21.777
9.478	21.729
9.478	21.777
9.492	22.021
9.521	22.168
9.565	22.021
9.580	22.168
9.595	22.119
9.639	22.266
9.624	22.314
9.624	22.363
9.668	22.363
9.697	22.412
9.712	22.266
9.727	22.461
9.727	22.607
9.771	22.705
9.800	22.705
9.800	22.803
9.814	22.705
9.844	22.998
9.858	23.047
9.873	22.998
9.902	22.998
9.902	23.047
9.932	23.047
9.946	23.096
9.976	23.145
9.976	23.389
9.976	23.486
10.020	23.486
10.063	23.389
10.049	23.535
10.078	23.682
10.078	23.682
10.122	23.682
10.137	23.779
10.151	23.730
10.166	23.877
10.225	23.975
10.210	23.926
10.225	23.926
10.239	24.219
10.239	24.023
10.283	24.219
10.283	24.365
10.342	24.023
10.342	19.189
10.342	0.635
10.386	-0.488
10.400	0.146
10.415	-0.049
10.430	0.049
10.444	0.146
10.459	-0.049
10.474	-0.049
10.518	0.098
10.532	-0.146
10.562	0.000
10.562	0.049
10.591	-0.098
10.605	-0.049
10.620	0.244
10.605	0.000
10.664	0.000
10.664	0.098
10.693	-0.049
10.693	0.049
10.737	0.000
10.752	0.146
10.767	0.049
10.811	0.000
10.811	-0.049
10.825	-0.049
10.854	-0.195
10.869	0.000
10.869	0.000
10.928	0.000
10.913	-0.146
10.913	-0.049
10.942	0.049
10.972	0.195
10.972	0.049
11.016	-0.049
11.016	-0.049
11.089	-0.146
11.074	-0.049
11.074	-0.195
11.118	-0.146
11.104	-0.049
11.147	0.146
11.147	0.049
11.177	0.293
11.221	0.098
11.221	-0.195
11.250	0.000
11.279	-0.049
11.279	0.049
11.279	-0.049
11.250	-0.146
11.323	-0.195
11.338	0.049
11.353	-0.098
11.382	-0.049
11.396	0.000
11.411	0.000
11.440	0.049
11.470	-0.098
11.455	0.000
11.470	0.146
11.543	0.195
11.543	0.000
11.587	-0.049
11.558	-0.146
11.602	0.049
11.602	-0.195
11.631	0.000
11.660	-0.049
11.675	0.293
11.675	0.049
11.675	-0.049
11.748	-0.098
11.733	0.000
11.763	0.049
11.792	0.000
11.792	0.098
11.851	0.049
11.851	0.000
11.851	-0.195
11.865	0.049
11.895	-0.049
11.924	-0.098
11.938	0.049
11.924	-0.098
11.968	-0.049
11.982	0.146
12.012	-0.195
12.026	0.146
12.056	0.000
12.070	-0.146
12.085	-0.049
12.114	0.049
12.144	0.000
12.158	-0.049
12.173	-0.098
12.187	-0.098
12.202	-0.537
12.231	-0.049
12.231	0.000
12.290	0.195
12.275	0.000
12.305	0.000
12.334	-0.049
12.363	0.146
12.378	0.146
12.378	0.000
12.407	-0.049
12.437	0.098
12.437	0.244
12.466	-0.146
12.466	-0.098
12.495	0.049
12.510	-0.049
12.554	0.098
12.554	0.000
12.583	-0.098
12.612	0.000
12.612	0.098
12.642	0.098
12.656	0.049
12.671	0.000
12.671	0.000
12.627	-0.098
12.671	-0.049
12.656	0.000
12.656	0.049
12.671	-0.098
12.656	0.049
12.656	0.000
12.671	-0.146
12.656	0.000
12.671	-0.049
12.656	0.146
12.671	0.049
12.612	0.098
12.656	0.000
12.686	-0.146
12.671	-0.195
12.656	0.000
12.671	-0.146
12.656	0.000
12.671	-0.098
12.642	0.146
12.671	0.146
12.656	-0.146
12.671	0.000
12.671	-0.049
12.656	0.146
12.671	-0.049
12.656	0.049
12.671	-0.244
12.671	0.244
12.642	0.049
12.642	-0.049
12.656	0.098
12.671	-0.098
12.642	0.000
12.627	0.000
12.656	-0.146
12.671	0.000
12.656	-0.049
12.700	0.049
12.656	0.049
12.656	0.000
12.686	-0.195
12.671	0.244
12.656	0.146
12.671	-0.049
12.671	-0.049
12.642	0.098
12.642	-0.049
12.642	0.000
12.671	0.146
12.686	-0.146
12.642	0.000
12.671	-0.049
12.656	0.000
12.671	0.000
12.642	0.049
12.642	-0.049
12.642	-0.098
12.686	0.146
12.656	0.000
12.627	0.098
12.656	-0.049
12.671	-0.098
12.656	-0.049
12.656	0.146
12.656	-0.146
12.715	0.049
12.671	0.049
12.656	0.049
