0.015	0.049
0.044	0.000
0.029	-0.195
0.029	0.000
0.029	0.146
0.029	0.000
0.044	0.244
0.059	0.000
0.073	0.098
0.103	-0.049
0.117	0.049
0.117	0.000
0.117	-0.146
0.103	0.244
0.146	0.146
0.161	-0.049
0.190	0.146
0.190	0.098
0.190	0.049
0.220	0.195
0.220	0.098
0.249	0.195
0.249	0.049
0.264	0.244
0.278	0.146
0.308	0.146
0.322	0.293
0.322	0.195
0.322	0.293
0.337	0.439
0.352	0.195
0.352	0.146
0.381	0.488
0.439	0.244
0.366	0.391
0.425	0.195
0.425	0.342
0.425	0.146
0.439	0.391
0.498	0.342
0.483	0.537
0.498	0.391
0.513	0.342
0.527	0.488
0.557	0.439
0.557	0.391
0.571	0.586
0.601	0.586
0.601	0.537
0.630	0.586
0.615	0.586
0.630	0.488
0.659	0.586
0.674	0.879
0.674	0.586
0.688	0.586
0.703	0.635
0.732	0.635
0.747	0.732
0.776	0.684
0.762	0.781
0.762	0.732
0.791	0.977
0.820	0.635
0.835	0.928
0.835	0.830
0.850	1.025
0.879	0.879
0.894	1.025
0.908	0.635
0.908	0.977
0.937	1.025
0.937	1.270
0.952	1.172
0.967	1.221
0.996	1.123
0.996	1.221
1.025	0.879
1.025	1.172
1.055	1.318
1.069	1.562
1.099	1.270
1.128	1.318
1.113	1.514
1.143	1.611
1.128	1.660
1.172	1.660
1.187	1.611
1.187	1.514
1.201	1.758
1.216	1.953
1.245	1.709
1.245	1.758
1.274	1.953
1.274	1.855
1.304	1.807
1.289	1.807
1.318	2.002
1.304	2.051
1.348	2.148
1.362	2.148
1.421	2.197
1.377	2.148
1.436	2.100
1.450	2.393
1.465	2.197
1.450	2.393
1.479	2.490
1.494	2.197
1.509	2.490
1.538	2.490
1.523	2.490
1.582	2.686
1.582	2.637
1.597	2.539
1.655	2.637
1.626	2.686
1.641	2.783
1.670	2.588
1.685	2.881
1.699	2.881
1.685	2.832
1.685	2.979
1.743	2.930
1.758	3.174
1.816	3.125
1.802	3.125
1.816	3.369
1.787	3.271
1.860	3.125
1.875	3.223
1.860	3.418
1.875	3.223
1.934	3.418
1.919	3.662
1.948	3.662
1.934	3.613
1.963	3.711
1.978	3.809
1.978	3.906
2.021	3.760
2.007	3.906
2.036	3.809
2.065	3.760
2.065	3.906
2.080	4.004
2.109	4.199
2.124	4.102
2.109	4.004
2.139	4.199
2.153	4.004
2.168	4.199
2.183	4.199
2.168	4.541
2.227	4.346
2.256	4.297
2.256	4.492
2.285	4.492
2.300	4.443
2.300	4.590
2.314	4.346
2.329	4.590
2.358	4.687
2.373	4.492
2.373	4.736
2.373	4.736
2.373	4.687
2.432	4.639
2.432	4.932
2.446	4.834
2.461	4.785
2.505	4.883
2.505	4.932
2.505	5.078
2.490	4.932
2.534	5.273
2.534	5.176
2.578	5.273
2.549	5.127
2.593	5.420
2.622	5.273
2.637	5.420
2.651	5.469
2.681	5.518
2.681	5.518
2.695	5.518
2.739	5.566
2.710	5.615
2.739	5.713
2.769	5.713
2.754	5.957
2.769	5.713
2.798	5.811
2.812	5.811
2.827	5.811
2.842	5.762
2.856	5.908
2.886	5.908
2.915	6.006
2.915	6.055
2.930	6.006
2.930	6.152
2.959	6.104
2.988	6.201
2.944	6.104
3.003	6.299
3.018	6.201
3.032	6.055
3.105	6.299
3.076	6.299
3.091	6.396
3.105	6.445
3.105	6.445
3.135	6.445
3.135	6.396
3.164	6.592
3.179	6.445
3.193	6.641
3.208	6.787
3.208	6.836
3.223	6.738
3.267	6.738
3.267	6.885
3.325	6.885
3.311	6.885
3.325	7.031
3.325	6.885
3.354	7.031
3.354	7.080
3.384	6.982
3.398	7.178
3.413	7.031
3.428	7.178
3.472	7.227
3.472	7.227
3.472	7.129
3.501	7.178
3.530	7.227
3.516	7.568
3.545	7.373
3.574	7.520
3.589	7.373
3.604	7.715
3.633	7.520
3.633	7.617
3.677	7.715
3.662	7.764
3.677	7.617
3.706	7.617
3.721	7.715
3.750	7.666
3.735	7.861
3.779	7.764
3.779	7.764
3.794	7.861
3.809	7.910
3.809	7.910
3.867	7.910
3.853	7.910
3.882	7.959
3.896	8.057
3.911	8.008
3.926	7.959
3.955	8.008
3.984	7.910
3.984	8.105
3.999	8.252
4.014	8.057
4.043	8.203
4.058	8.252
4.058	8.154
4.058	8.252
4.072	8.447
4.116	8.301
4.131	8.350
4.116	8.447
4.160	8.447
4.146	8.350
4.189	8.398
4.219	8.350
4.204	8.643
4.233	8.496
4.263	8.398
4.248	8.545
4.292	8.643
4.292	8.789
4.307	8.643
4.321	8.740
4.336	8.643
4.351	8.594
4.365	8.691
4.380	8.838
4.409	8.594
4.438	8.789
4.424	9.082
4.453	8.936
4.453	8.838
4.468	8.887
4.468	8.936
4.526	8.691
4.526	9.131
4.526	8.887
4.556	9.131
4.556	9.131
4.585	9.082
4.600	9.180
4.614	9.180
4.644	9.229
4.658	8.984
4.673	9.229
4.658	9.082
4.717	9.229
4.717	9.229
4.731	9.180
4.746	9.326
4.761	9.473
4.761	9.326
4.790	9.277
4.819	9.277
4.834	9.375
4.834	9.326
4.834	9.424
4.834	9.424
4.878	9.619
4.907	9.619
4.951	9.473
4.937	9.473
4.966	9.717
4.980	9.473
4.966	9.668
5.010	9.668
5.024	9.619
5.024	9.766
5.024	9.717
5.068	9.863
5.068	9.717
5.098	9.717
5.112	9.912
5.112	9.912
5.142	9.912
5.142	9.912
5.171	9.912
5.186	9.863
5.186	9.570
5.244	9.961
5.244	10.059
5.288	10.010
5.273	10.059
5.288	9.912
5.303	10.059
5.317	9.961
5.361	10.059
5.347	9.912
5.317	9.863
5.405	10.059
5.405	10.254
5.420	10.059
5.420	10.107
5.435	10.254
5.464	10.205
5.464	10.156
5.493	10.352
5.479	10.303
5.522	10.254
5.552	10.303
5.566	10.596
5.537	10.547
5.596	10.352
5.610	10.352
5.654	10.547
5.654	10.449
5.684	10.449
5.684	10.254
5.698	10.107
5.713	10.547
5.728	10.596
5.742	10.791
5.728	10.596
5.757	10.742
5.786	10.693
5.786	10.645
5.801	10.889
5.786	10.791
5.845	10.840
5.859	10.840
5.889	6.445
5.903	0.049
5.918	-0.146
5.947	-0.146
5.962	-0.098
5.977	-0.049
5.991	0.000
5.991	-0.195
6.035	-0.049
6.064	-0.098
6.035	-0.049
6.064	-0.098
6.094	-0.244
6.094	-0.098
6.123	-0.049
6.123	-0.098
6.182	0.000
6.182	0.000
6.211	0.146
6.196	-0.098
6.226	-0.195
6.226	-0.049
6.270	-0.098
6.284	-0.146
6.299	-0.146
6.313	-0.146
6.313	0.000
6.343	-0.391
6.357	-0.244
6.372	-0.146
6.401	-0.098
6.416	-0.146
6.431	0.000
6.445	-0.098
6.475	-0.293
6.460	-0.098
6.504	-0.195
6.519	-0.098
6.577	0.000
6.562	-0.049
6.562	-0.098
6.592	-0.098
6.606	-0.049
6.621	-0.098
6.650	-0.146
6.650	-0.195
6.680	-0.098
6.665	-0.195
6.724	0.000
6.709	0.000
6.768	-0.195
6.768	-0.049
6.768	-0.098
6.768	-0.049
6.812	-0.098
6.812	0.049
6.841	-0.049
6.855	-0.146
6.870	-0.049
6.870	-0.195
6.899	-0.244
6.973	-0.342
6.914	-0.146
6.943	-0.146
6.973	-0.195
6.973	-0.244
7.017	0.049
7.031	-0.098
7.031	-0.146
7.061	-0.195
7.075	0.098
7.104	-0.098
7.075	-0.195
7.119	-0.244
7.148	-0.098
7.163	-0.049
7.192	-0.244
7.207	-0.098
7.192	-0.146
7.236	-0.098
7.251	-0.146
7.266	-0.098
7.295	-0.244
7.310	-0.098
7.310	-0.342
7.324	-0.146
7.368	-0.195
7.383	-0.244
7.412	-0.146
7.412	-0.195
7.427	0.000
7.427	-0.244
7.485	-0.244
7.500	-0.146
7.500	0.098
7.500	-0.439
7.529	-0.195
7.573	-0.244
7.588	-0.146
7.573	0.049
7.632	-0.098
7.632	-0.098
7.646	-0.195
7.661	-0.049
7.676	-0.098
7.720	-0.244
7.720	0.000
7.734	-0.244
7.749	-0.537
7.778	0.098
7.793	-0.244
7.808	-0.098
7.808	-0.049
7.822	0.098
7.852	-0.098
7.852	-0.244
7.896	-0.293
7.896	-0.049
7.910	-0.244
7.954	-0.098
7.954	-0.195
8.042	-0.293
8.042	-0.098
8.027	-0.098
8.071	-0.049
8.027	-0.049
8.071	-0.098
8.086	-0.098
8.115	-0.195
8.115	-0.146
8.145	-0.049
8.174	-0.195
8.203	-0.098
8.188	-0.098
8.203	-0.195
8.174	0.049
8.218	-0.195
8.188	-0.146
8.203	0.000
8.188	-0.195
8.203	-0.049
8.203	-0.146
8.203	-0.098
8.203	-0.195
8.188	-0.049
8.188	-0.098
8.188	-0.195
8.218	-0.342
8.159	-0.146
8.188	-0.146
8.188	-0.146
8.203	-0.098
8.203	-0.098
8.232	-0.146
8.203	0.000
8.203	-0.195
8.218	-0.146
8.174	-0.244
8.188	-0.244
8.203	0.000
8.218	0.000
8.203	-0.146
8.203	-0.293
8.203	0.000
8.218	-0.195
8.203	-0.049
8.188	-0.195
