0.029	0.391
0.044	0.293
0.000	0.244
0.044	0.049
0.044	0.293
0.029	0.342
0.029	0.342
0.059	0.293
0.015	0.293
0.044	0.244
0.029	0.146
0.059	0.439
0.073	0.342
0.088	0.342
0.088	0.244
0.117	0.635
0.117	0.537
0.146	0.537
0.176	0.244
0.161	0.586
0.205	0.488
0.205	0.439
0.220	0.391
0.220	0.391
0.264	0.391
0.249	0.439
0.264	0.439
0.337	0.830
0.322	0.488
0.322	0.488
0.352	0.732
0.366	0.684
0.366	0.635
0.381	0.635
0.396	0.781
0.396	0.684
0.410	0.781
0.425	0.928
0.469	0.830
0.469	0.977
0.498	0.781
0.483	1.172
0.498	0.928
0.513	1.025
0.557	1.074
0.527	1.025
0.527	1.172
0.571	1.025
0.586	1.221
0.586	1.221
0.615	1.172
0.615	1.318
0.630	1.270
0.659	1.318
0.659	1.465
0.703	1.221
0.718	1.270
0.703	1.465
0.762	1.367
0.718	1.514
0.747	1.660
0.762	1.709
0.806	1.562
0.820	1.660
0.820	1.611
0.820	1.855
0.864	1.807
0.850	1.953
0.879	2.197
0.894	2.246
0.923	2.002
0.937	2.490
0.923	2.100
0.952	2.295
0.981	2.246
0.967	2.344
0.981	2.393
1.011	2.588
1.025	2.295
1.055	2.490
1.069	2.686
1.069	2.637
1.113	2.686
1.128	2.832
1.143	2.832
1.157	2.637
1.157	3.125
1.172	2.979
1.187	3.125
1.201	3.174
1.230	3.223
1.230	3.174
1.274	3.125
1.245	3.174
1.245	3.467
1.289	3.369
1.318	3.613
1.333	3.711
1.362	3.564
1.362	3.711
1.392	3.760
1.406	3.809
1.421	3.857
1.421	3.906
1.436	3.906
1.479	3.955
1.479	4.053
1.465	4.395
1.523	4.053
1.494	4.443
1.553	4.297
1.553	4.395
1.567	4.346
1.567	4.395
1.582	4.395
1.597	4.443
1.626	4.541
1.655	4.541
1.685	4.785
1.699	4.883
1.699	4.492
1.729	4.932
1.729	5.078
1.758	5.029
1.743	5.127
1.787	5.322
1.787	5.322
1.816	5.225
1.831	5.127
1.831	5.322
1.846	5.371
1.846	5.371
1.890	5.615
1.904	5.273
1.919	5.566
1.934	5.713
1.904	5.859
1.948	5.811
1.978	5.859
2.007	5.762
2.036	5.859
2.021	5.957
2.036	6.104
2.065	6.250
2.095	6.348
2.124	6.299
2.095	6.348
2.095	6.348
2.139	6.104
2.124	6.494
2.183	6.348
2.212	6.543
2.212	6.836
2.227	6.592
2.227	6.641
2.271	6.689
2.285	6.738
2.285	7.031
2.300	6.934
2.300	6.885
2.344	7.031
2.344	6.885
2.344	7.129
2.373	7.129
2.402	7.129
2.417	7.324
2.432	7.324
2.476	7.129
2.461	7.275
2.476	7.324
2.505	7.422
2.490	7.422
2.505	7.666
2.549	7.568
2.549	7.422
2.549	7.715
2.563	7.764
2.637	7.715
2.607	7.959
2.622	7.422
2.651	7.812
2.666	7.959
2.666	7.910
2.666	7.861
2.695	8.057
2.695	7.812
2.754	8.203
2.739	8.252
2.769	8.301
2.769	8.203
2.783	8.301
2.783	8.398
2.812	8.350
2.842	8.350
2.871	8.350
2.886	8.496
2.915	8.594
2.900	8.545
2.930	8.643
2.944	8.789
2.974	8.691
2.959	8.740
2.988	8.789
2.959	8.789
2.974	8.691
3.018	8.936
3.032	8.740
3.047	9.033
3.062	8.594
3.091	8.887
3.091	8.984
3.091	9.180
3.120	9.326
3.149	9.229
3.164	9.229
3.164	9.277
3.179	9.229
3.193	9.375
3.237	9.521
3.296	9.424
3.237	9.521
3.281	9.326
3.267	9.619
3.296	9.619
3.325	9.619
3.296	9.668
3.340	9.619
3.384	9.570
3.369	9.619
3.384	9.668
3.413	9.814
3.442	9.863
3.457	9.814
3.472	9.912
3.472	9.863
3.486	9.912
3.501	9.961
3.530	9.863
3.530	10.107
3.560	10.107
3.574	9.961
3.604	10.156
3.618	10.352
3.618	10.205
3.618	10.400
3.691	10.254
3.677	10.107
3.706	10.498
3.706	10.352
3.721	10.400
3.765	10.547
3.735	10.449
3.765	10.400
3.779	10.400
3.823	10.693
3.809	10.303
3.853	10.547
3.867	10.547
3.882	10.596
3.867	10.742
3.911	10.645
3.911	10.840
3.940	10.596
3.926	10.693
3.970	10.840
3.984	10.986
3.984	10.937
4.014	10.791
4.028	10.840
4.043	10.937
4.058	10.937
4.087	11.133
4.087	11.133
4.116	11.279
4.131	11.133
4.160	11.230
4.189	11.084
4.219	11.182
4.160	11.230
4.189	11.230
4.204	10.986
4.204	11.279
4.248	11.133
4.233	11.523
4.263	11.279
4.292	11.377
4.307	11.230
4.351	11.328
4.351	11.523
4.365	11.475
4.365	11.426
4.395	11.475
4.409	11.377
4.409	11.523
4.453	11.475
4.438	11.914
4.453	11.621
4.468	11.670
4.482	11.621
4.512	11.719
4.512	11.768
4.541	11.768
4.570	11.768
4.570	11.865
4.600	11.816
4.600	11.816
4.614	11.963
4.644	11.914
4.644	12.061
4.658	12.012
4.673	11.963
4.673	12.207
4.717	11.963
4.731	11.963
4.746	12.109
4.775	12.012
4.790	12.061
4.790	12.207
4.805	12.256
4.805	12.305
4.849	12.305
4.819	12.305
4.863	12.354
4.893	12.207
4.907	12.402
4.922	12.451
4.937	12.354
4.907	12.354
4.995	12.451
4.966	12.402
4.995	12.451
5.010	12.451
5.024	12.695
5.039	12.402
5.054	12.500
5.083	12.695
5.098	12.793
5.098	12.793
5.127	12.744
5.142	12.842
5.142	12.744
5.171	12.793
5.186	12.842
5.186	12.842
5.215	12.891
5.244	12.891
5.244	12.891
5.259	12.939
5.288	13.135
5.317	13.330
5.317	12.988
5.347	13.232
5.332	13.086
5.347	13.184
5.376	13.232
5.391	13.281
5.420	13.232
5.449	13.135
5.464	13.232
5.479	13.135
5.464	13.379
5.493	13.428
5.508	13.428
5.522	13.477
5.566	13.281
5.552	13.428
5.596	13.672
5.596	13.672
5.625	13.623
5.654	13.623
5.654	13.574
5.684	13.477
5.669	13.721
5.684	13.574
5.713	13.721
5.728	13.867
5.728	13.623
5.757	13.916
5.757	13.867
5.815	13.867
5.815	14.062
5.830	13.965
5.845	14.062
5.859	13.965
5.874	14.014
5.933	14.160
5.918	14.209
5.918	14.111
5.933	14.062
5.962	14.307
5.962	14.258
5.977	14.307
6.006	14.209
6.035	14.551
6.050	14.258
6.050	14.258
6.079	14.404
6.108	14.453
6.108	14.795
6.123	14.453
6.138	14.258
6.152	14.648
6.182	14.648
6.211	14.844
6.196	14.844
6.196	14.746
6.240	14.746
6.284	14.746
6.284	14.746
6.313	14.844
6.313	14.844
6.357	14.893
6.328	14.941
6.372	15.088
6.343	14.990
6.416	15.039
6.431	14.941
6.431	15.381
6.431	15.332
6.475	15.576
6.504	15.283
6.504	15.527
6.533	15.381
6.548	15.283
6.562	15.283
6.562	15.576
6.606	15.430
6.636	15.430
6.636	15.527
6.665	15.674
6.650	15.674
6.709	15.723
6.709	15.771
6.709	15.820
6.694	15.723
6.738	15.869
6.768	15.967
6.768	15.820
6.782	15.771
6.812	16.064
6.826	15.918
6.841	16.064
6.870	16.064
6.870	16.016
6.885	16.113
6.914	15.918
6.943	15.918
6.943	16.162
6.958	16.260
6.987	16.504
7.017	16.260
7.031	16.406
7.017	16.406
7.090	16.553
7.075	16.455
7.148	16.504
7.134	16.553
7.134	16.602
7.148	16.699
7.119	16.504
7.148	16.455
7.192	16.699
7.207	16.553
7.236	16.699
7.222	16.846
7.222	16.846
7.280	17.090
7.295	16.846
7.310	17.090
7.339	17.041
7.339	16.650
7.368	17.090
7.368	17.139
7.397	17.090
7.412	17.236
7.471	17.236
7.441	17.139
7.456	17.383
7.500	17.383
7.515	17.432
7.544	17.480
7.515	17.432
7.559	17.578
7.588	17.529
7.588	17.627
7.603	17.578
7.632	17.676
7.646	17.773
7.661	17.676
7.690	17.725
7.705	18.018
7.720	17.822
7.749	18.018
7.734	18.164
7.764	17.920
7.793	18.066
7.808	18.018
7.881	18.018
7.852	18.262
7.866	18.115
7.896	18.115
7.881	18.457
7.910	18.555
7.939	18.311
7.954	18.457
7.969	18.506
7.983	18.555
7.983	18.555
8.013	18.408
8.042	18.945
8.071	18.604
8.086	18.604
8.042	18.701
8.101	18.896
8.130	18.896
8.130	18.848
8.130	19.092
8.203	18.896
8.203	18.994
8.262	19.043
8.232	19.043
8.247	19.043
8.291	19.092
8.276	19.189
8.291	19.287
8.276	18.994
8.350	19.189
8.364	19.434
8.364	19.189
8.394	19.580
8.408	19.531
8.437	19.531
8.467	19.678
8.467	19.727
8.481	19.629
8.496	19.824
8.525	19.922
8.540	19.873
8.555	19.922
8.584	19.922
8.584	20.117
8.613	20.020
8.643	19.971
8.672	20.166
8.657	20.068
8.687	20.312
8.716	20.459
8.716	20.361
8.760	20.166
8.745	20.459
8.760	20.557
8.804	20.361
8.818	20.557
8.848	20.654
8.848	20.605
8.906	20.654
8.892	20.752
8.906	20.850
8.965	20.850
8.950	20.996
8.994	20.801
8.994	20.703
9.038	21.094
9.023	21.045
9.038	21.289
9.067	21.338
9.111	21.094
9.067	21.191
9.111	21.387
9.141	21.240
9.170	21.533
9.170	21.533
9.214	21.533
9.214	21.631
9.243	21.533
9.199	21.582
9.272	21.680
9.316	21.533
9.287	21.533
9.302	21.875
9.346	21.924
9.375	21.875
9.375	21.973
9.390	22.021
9.390	22.070
9.434	22.168
9.448	22.363
9.463	22.314
9.492	22.412
9.492	22.363
9.521	22.363
9.551	22.412
9.565	22.510
9.595	22.510
9.565	22.656
9.624	22.852
9.639	22.754
9.668	22.852
9.683	22.900
9.741	22.900
9.727	22.852
9.741	23.193
9.756	23.047
9.771	23.242
9.800	23.096
9.814	23.437
9.858	23.437
9.858	23.096
9.888	23.340
9.873	23.437
9.917	23.437
9.932	23.486
9.946	23.633
9.961	23.828
9.961	23.779
9.961	23.633
10.020	23.779
10.005	23.975
10.078	23.828
10.063	24.023
10.107	24.219
10.093	24.023
10.137	24.121
10.151	24.219
10.210	24.072
10.195	24.365
10.210	24.072
10.239	24.463
10.269	24.365
10.269	24.609
10.283	24.561
10.283	24.609
10.356	24.658
10.386	24.707
10.356	24.756
10.371	24.756
10.400	24.902
10.415	24.658
10.430	25.049
10.430	25.146
10.503	25.244
10.503	25.098
10.532	25.098
10.532	25.244
10.562	25.244
10.576	25.244
10.562	25.537
10.576	25.586
10.635	25.537
10.635	25.684
10.649	25.635
10.664	25.830
10.708	25.830
10.649	25.732
10.752	25.977
10.767	25.928
10.840	26.025
10.781	26.025
10.825	26.221
10.840	26.123
10.840	26.025
10.854	26.514
10.884	26.221
10.898	26.514
10.898	26.416
10.942	26.562
10.986	26.660
10.957	26.855
10.972	26.758
11.001	26.904
11.030	26.709
11.060	26.855
11.089	27.051
11.045	27.100
11.118	27.100
11.133	27.051
11.147	27.246
11.206	27.197
11.191	27.295
11.206	27.441
11.221	27.246
11.206	27.588
11.294	27.539
11.279	27.734
11.309	27.783
11.323	27.881
11.382	27.881
11.338	28.271
11.382	27.783
11.396	28.076
11.396	28.174
11.440	28.125
11.455	28.369
11.470	28.369
11.499	28.369
11.499	28.418
11.514	28.467
11.558	28.564
11.572	28.613
11.616	28.955
11.602	28.613
11.631	28.906
11.646	28.955
11.675	29.150
11.631	29.004
11.748	29.248
11.733	29.199
11.733	29.297
11.763	29.248
11.777	29.297
11.792	29.541
11.851	29.639
11.836	29.590
11.851	29.639
11.851	29.883
11.895	29.932
11.909	29.883
11.909	29.932
11.953	29.980
11.968	29.980
11.997	30.176
11.997	30.322
12.026	30.273
12.056	30.469
12.070	30.615
12.085	30.566
12.100	30.664
12.129	30.859
12.158	30.859
12.202	30.859
12.202	30.762
12.217	31.055
12.246	31.104
12.231	31.152
12.305	31.104
12.290	31.348
12.305	31.299
12.334	31.689
12.349	31.592
12.363	31.641
12.407	31.592
12.393	31.689
12.437	31.934
12.437	31.885
12.466	31.592
12.480	31.934
12.510	32.275
12.539	32.275
12.554	32.178
12.583	32.422
12.583	32.373
12.627	32.520
12.612	32.666
12.642	32.764
12.671	32.764
12.729	32.959
12.715	32.910
12.729	33.057
12.700	33.057
12.729	33.154
12.773	33.447
12.817	33.203
12.803	33.447
12.817	33.594
12.905	33.496
12.876	33.643
12.920	33.691
12.905	33.887
12.935	34.033
12.979	33.887
12.979	34.180
13.008	34.229
13.022	34.424
13.066	34.180
13.066	34.326
13.081	34.521
13.096	34.473
13.125	34.766
13.154	34.570
13.154	34.619
13.184	34.717
13.213	34.863
13.228	34.961
13.198	35.010
13.315	35.254
13.286	35.156
13.301	35.107
13.330	35.449
13.345	35.693
13.389	35.742
13.389	35.547
13.403	35.596
13.418	35.791
13.447	35.937
13.462	35.937
13.477	36.133
13.506	36.182
13.521	36.133
13.594	36.230
13.564	36.377
13.579	36.475
13.594	36.377
13.638	36.670
13.667	36.719
13.667	36.768
13.652	36.914
13.711	36.816
13.711	36.914
13.740	37.012
13.770	37.451
13.799	37.305
13.799	37.207
13.843	37.354
13.843	37.549
13.887	37.695
13.916	37.891
13.931	37.744
13.931	37.891
13.945	37.891
13.960	38.135
13.989	38.184
14.004	38.281
14.033	38.330
14.019	38.379
14.077	38.574
14.092	38.525
14.136	38.623
14.106	38.818
14.150	38.916
14.209	38.916
14.194	38.916
14.209	38.916
14.253	39.258
14.238	39.355
14.282	39.355
14.268	39.258
14.282	39.551
14.355	39.697
14.385	39.746
14.385	39.844
14.385	39.941
14.399	39.893
14.429	40.039
14.458	40.186
14.473	40.479
14.531	40.332
14.502	40.576
14.546	40.381
14.561	40.430
14.575	40.820
14.619	40.723
14.619	40.576
14.634	40.918
14.663	41.064
14.722	41.260
14.692	41.260
14.722	41.650
14.751	41.504
14.766	41.602
14.780	41.699
14.810	41.846
14.824	41.846
14.854	42.139
14.854	42.090
14.912	42.090
14.897	42.236
14.927	42.383
14.941	42.383
14.971	42.432
14.956	42.725
15.000	42.725
15.029	42.773
15.015	42.822
15.044	42.920
15.073	42.871
15.088	42.969
15.146	43.359
15.132	43.457
15.117	43.555
15.205	43.506
15.220	43.604
15.205	43.799
15.264	43.604
15.264	43.945
15.278	43.848
15.293	44.141
15.322	44.141
15.322	44.189
15.352	44.482
15.396	44.336
15.396	44.678
15.454	44.482
15.425	44.775
15.454	44.727
15.513	44.775
15.513	44.922
15.513	44.922
15.571	45.068
15.557	45.215
15.571	45.361
15.571	45.215
15.630	45.312
15.630	21.045
15.674	-1.367
15.688	0.000
15.674	0.293
15.688	0.244
15.747	0.098
15.762	0.146
15.776	0.293
15.791	0.195
15.835	0.195
15.850	0.391
15.850	0.146
15.879	0.293
15.908	0.146
15.923	0.146
15.937	0.146
15.952	-0.049
15.981	0.146
16.011	0.195
16.011	0.146
16.040	0.244
16.069	0.244
16.069	0.098
16.099	0.195
16.128	0.244
16.143	0.244
16.143	0.195
16.172	0.146
16.201	0.098
16.216	0.146
16.172	0.098
16.230	0.195
16.201	0.293
16.187	0.195
16.187	0.195
16.201	0.000
16.187	0.195
16.187	0.195
16.201	0.195
16.201	0.293
16.187	0.098
16.187	0.049
16.187	0.293
16.201	0.293
16.187	0.195
16.187	0.195
16.172	0.244
16.187	0.098
16.187	0.244
16.245	0.146
16.201	0.146
16.187	0.098
16.187	0.293
16.230	0.195
16.187	0.146
16.187	0.146
16.187	0.098
16.201	0.439
16.201	0.146
16.172	0.146
16.201	0.293
16.216	0.146
16.187	0.098
16.187	0.244
16.201	0.195
16.201	0.195
16.201	0.098
16.201	0.049
16.230	0.293
16.201	0.293
16.201	0.293
16.201	0.098
16.172	0.098
16.172	0.195
16.201	0.244
16.201	0.537
16.201	0.195
16.187	0.195
16.245	0.244
16.201	0.146
16.187	0.098
16.216	0.146
16.216	0.244
16.201	0.146
16.201	0.049
16.172	0.146
16.201	0.146
16.201	0.195
16.187	0.000
16.201	0.146
16.216	0.146
16.187	0.391
16.187	0.049
16.187	0.293
16.201	0.293
16.201	0.098
16.187	0.244
