0.044	0.293
0.044	0.342
0.073	0.342
0.044	0.195
0.044	0.195
0.044	0.391
0.000	0.342
0.044	0.293
0.029	0.244
0.059	0.391
0.029	0.342
0.015	0.244
0.073	0.146
0.059	0.293
0.073	0.293
0.073	0.439
0.103	0.244
0.103	0.293
0.132	0.391
0.161	0.293
0.161	0.342
0.161	0.391
0.161	0.146
0.190	0.342
0.205	0.244
0.205	0.293
0.234	0.244
0.234	0.342
0.220	0.293
0.264	0.342
0.293	0.439
0.278	0.439
0.293	0.391
0.293	0.000
0.308	0.293
0.381	0.293
0.366	0.293
0.366	0.244
0.366	0.244
0.396	0.439
0.410	0.244
0.425	0.439
0.454	0.293
0.454	0.342
0.439	0.488
0.469	0.684
0.454	0.391
0.483	0.342
0.498	0.488
0.483	0.488
0.542	0.391
0.542	0.342
0.571	0.537
0.586	0.439
0.601	0.293
0.601	0.391
0.630	0.342
0.645	0.439
0.630	0.195
0.659	0.537
0.674	0.342
0.688	0.488
0.718	0.293
0.703	0.488
0.718	0.586
0.718	0.488
0.762	0.635
0.762	0.488
0.762	0.586
0.806	0.537
0.850	0.537
0.850	0.781
0.850	0.586
0.850	0.488
0.864	0.537
0.850	0.488
0.894	0.439
0.894	0.391
0.923	0.684
0.937	0.488
0.937	0.586
0.967	0.244
0.952	0.586
0.996	0.586
1.011	0.781
1.025	0.586
1.055	0.635
1.099	0.928
1.099	0.684
1.069	0.635
1.055	0.684
1.113	0.732
1.099	0.830
1.143	0.781
1.172	0.928
1.172	0.684
1.172	0.830
1.187	0.928
1.187	0.732
1.230	0.879
1.216	0.928
1.245	0.830
1.274	0.879
1.289	1.025
1.304	0.781
1.318	1.025
1.304	1.074
1.348	1.123
1.377	1.221
1.392	1.172
1.406	1.025
1.406	1.172
1.406	1.465
1.465	1.367
1.465	1.172
1.494	1.318
1.494	1.514
1.553	1.318
1.553	1.465
1.523	1.221
1.567	1.514
1.567	1.465
1.611	1.514
1.611	1.611
1.641	1.904
1.655	1.807
1.685	1.758
1.655	1.904
1.685	1.855
1.714	2.002
1.729	1.904
1.758	2.100
1.758	2.344
1.787	2.246
1.787	2.441
1.816	2.393
1.875	2.588
1.875	2.588
1.904	2.490
1.890	2.686
1.919	2.734
1.934	2.881
1.963	3.027
1.992	2.930
1.992	3.125
2.007	3.174
2.021	3.223
2.036	3.369
2.051	3.418
2.021	3.467
2.065	3.516
2.095	3.809
2.124	3.711
2.109	3.613
2.139	3.760
2.153	3.955
2.168	3.955
2.168	3.857
2.212	4.150
2.227	4.150
2.300	4.346
2.241	4.443
2.285	4.541
2.285	4.395
2.271	4.785
2.329	4.785
2.344	4.834
2.344	4.834
2.388	4.980
2.358	5.029
2.402	5.127
2.417	5.225
2.417	5.420
2.446	5.322
2.461	5.225
2.446	5.371
2.490	5.566
2.520	5.762
2.520	5.615
2.549	5.713
2.549	5.762
2.563	5.859
2.578	6.006
2.607	6.055
2.607	6.104
2.622	6.250
2.651	6.250
2.666	6.396
2.681	6.445
2.666	6.494
2.710	6.494
2.710	6.787
2.783	6.738
2.798	6.738
2.754	6.787
2.783	7.178
2.798	6.836
2.812	7.129
2.827	7.178
2.856	7.178
2.842	7.422
2.886	7.422
2.944	7.520
2.900	7.764
2.915	7.471
2.959	7.715
2.974	7.666
2.974	7.910
2.974	7.910
2.988	7.959
3.032	8.057
3.076	8.252
3.091	8.154
3.091	8.447
3.105	8.594
3.120	8.496
3.135	8.496
3.164	8.594
3.149	8.887
3.179	8.740
3.193	8.838
3.179	8.887
3.237	8.984
3.208	9.131
3.281	9.131
3.281	9.326
3.296	9.424
3.311	9.277
3.325	9.521
3.340	9.521
3.354	9.277
3.384	9.619
3.384	9.814
3.413	9.668
3.413	9.912
3.442	10.010
3.428	9.961
3.472	10.107
3.486	10.010
3.516	10.156
3.516	10.205
3.545	10.400
3.560	10.449
3.574	10.645
3.604	10.596
3.604	10.547
3.633	10.742
3.662	10.547
3.662	10.742
3.677	10.840
3.677	10.742
3.706	10.986
3.721	11.035
3.735	11.182
3.779	11.377
3.779	11.230
3.779	11.279
3.794	11.328
3.809	11.328
3.838	11.426
3.882	11.621
3.867	11.523
3.882	11.719
3.896	11.621
3.911	11.816
3.955	11.865
3.940	11.963
3.999	11.865
3.984	11.816
3.984	12.158
4.014	12.061
4.014	12.305
4.028	12.256
4.087	12.305
4.072	12.207
4.087	12.354
4.116	12.549
4.146	12.646
4.160	12.451
4.175	12.695
4.160	12.549
4.175	12.695
4.219	12.842
4.233	12.744
4.233	12.988
4.263	12.842
4.277	12.939
4.292	13.037
4.292	12.988
4.307	13.086
4.336	13.037
4.351	13.184
4.321	13.281
4.365	13.281
4.380	13.281
4.409	13.428
4.438	13.379
4.453	13.330
4.468	13.477
4.468	13.574
4.468	13.672
4.526	13.574
4.497	13.672
4.556	13.672
4.512	14.111
4.570	13.818
4.585	13.916
4.614	13.721
4.614	13.818
4.629	13.867
4.644	13.818
4.673	14.160
4.687	14.062
4.717	13.965
4.761	13.916
4.746	14.062
4.761	14.258
4.761	14.258
4.790	14.355
4.775	14.355
4.819	14.307
4.805	14.404
4.819	14.453
4.849	14.404
4.863	14.355
4.878	14.453
4.907	14.648
4.922	14.648
4.951	14.551
4.951	14.648
4.966	14.648
4.980	14.697
5.010	14.795
5.024	14.746
5.039	14.844
5.039	14.844
5.054	14.697
5.098	14.941
5.112	15.088
5.127	14.893
5.127	15.039
5.156	14.941
5.171	15.137
5.186	15.137
5.186	14.941
5.244	15.234
5.244	15.283
5.229	15.234
5.273	15.283
5.273	15.283
5.288	15.430
5.303	15.137
5.332	15.332
5.332	15.527
5.347	15.381
5.361	15.430
5.391	15.479
5.420	15.527
5.449	15.332
5.376	15.430
5.449	15.381
5.464	15.576
5.464	15.674
5.508	15.576
5.537	15.625
5.552	15.625
5.552	15.576
5.566	15.723
5.581	15.625
5.610	15.771
5.610	15.771
5.625	15.918
5.669	15.918
5.713	15.820
5.698	15.479
5.684	15.918
5.771	16.016
5.757	15.967
5.757	16.064
5.771	16.162
5.801	16.016
5.815	16.016
5.815	16.064
5.845	16.113
5.815	16.113
5.859	16.113
5.903	16.162
5.903	16.211
5.933	16.064
5.947	16.260
5.918	16.309
5.962	16.357
5.977	16.455
5.991	16.260
6.006	16.504
6.035	16.309
6.064	16.455
6.079	16.406
6.079	16.553
6.108	16.357
6.123	16.553
6.138	16.455
6.152	16.504
6.196	16.650
6.196	16.357
6.196	16.699
6.211	16.602
6.211	16.553
6.255	16.748
6.255	16.650
6.284	16.895
6.299	16.748
6.313	16.797
6.313	16.846
6.343	16.650
6.357	16.699
6.387	16.895
6.401	16.797
6.445	16.846
6.445	16.992
6.401	17.139
6.445	16.699
6.548	17.090
6.489	16.895
6.519	16.992
6.533	17.139
6.548	16.992
6.592	17.139
6.621	17.187
6.606	17.139
6.636	17.236
6.636	17.236
6.650	17.139
6.680	17.432
6.680	17.432
6.738	17.285
6.724	17.285
6.724	17.334
6.782	17.773
6.768	17.432
6.782	17.334
6.812	17.529
6.826	17.529
6.855	17.627
6.826	17.529
6.870	3.271
6.914	-0.439
6.914	0.098
6.929	0.146
6.973	0.146
6.929	0.098
7.002	0.195
7.002	0.195
7.031	0.098
7.031	0.146
7.046	0.195
7.061	0.098
7.075	0.098
7.119	0.195
7.134	0.000
7.148	0.146
7.148	0.049
7.163	0.098
7.192	0.098
7.222	0.146
7.236	0.049
7.236	0.195
7.251	0.244
7.280	0.146
7.280	0.244
7.354	0.146
7.324	0.146
7.368	0.098
7.354	0.439
7.397	0.098
7.397	0.195
7.397	0.391
7.412	0.146
7.412	0.146
7.412	0.195
7.412	0.049
7.412	0.244
7.412	0.146
7.441	0.293
7.412	0.146
7.412	0.146
7.412	0.195
7.412	0.293
7.441	0.000
7.412	0.146
7.383	0.293
7.397	0.146
7.397	0.195
7.427	0.439
7.412	0.391
7.412	0.244
7.427	0.293
7.368	0.293
7.427	0.098
7.383	0.195
7.427	0.146
7.427	0.244
7.412	0.293
7.412	0.146
7.441	0.146
7.383	0.195
7.397	0.098
7.412	0.293
7.368	0.098
7.412	0.000
7.412	0.391
7.412	0.244
7.412	0.244
7.397	0.244
7.412	0.146
7.412	0.244
7.412	0.049
7.427	0.146
7.427	0.000
7.412	0.195
7.456	0.146
7.441	0.439
7.441	0.146
7.427	0.244
7.427	0.342
7.412	0.098
7.412	0.000
7.456	0.146
7.383	0.049
7.427	0.195
7.412	0.146
7.427	0.244
