0.044	0.000
0.044	0.146
0.044	0.391
0.044	0.049
0.029	0.244
0.029	0.146
0.044	0.146
0.044	0.098
0.029	0.195
0.029	0.146
0.029	0.049
0.044	0.244
0.015	0.098
0.059	0.195
0.073	0.195
0.073	-0.049
0.103	0.195
0.103	0.146
0.132	0.098
0.190	0.293
0.161	0.146
0.161	0.146
0.132	0.146
0.190	0.293
0.190	0.244
0.205	0.195
0.220	0.391
0.278	0.439
0.278	0.244
0.249	0.293
0.264	0.391
0.278	0.391
0.308	0.488
0.322	0.488
0.337	0.488
0.352	0.586
0.337	0.635
0.381	0.537
0.381	0.586
0.396	0.586
0.396	0.586
0.410	0.586
0.425	0.635
0.454	0.732
0.498	0.732
0.483	0.684
0.527	0.684
0.483	0.586
0.513	0.830
0.542	0.879
0.542	0.732
0.571	0.830
0.571	0.879
0.586	0.928
0.615	0.977
0.630	1.172
0.674	1.123
0.645	0.879
0.645	1.270
0.688	1.172
0.688	1.172
0.703	1.221
0.718	1.318
0.747	1.221
0.762	1.270
0.776	1.465
0.806	1.367
0.806	1.465
0.820	1.416
0.820	1.465
0.806	1.514
0.864	1.562
0.864	1.758
0.879	1.611
0.879	1.270
0.952	1.660
0.937	1.758
0.967	1.465
0.981	1.611
0.967	1.758
0.996	1.904
1.025	1.904
1.040	1.807
1.040	1.953
1.099	1.904
1.084	2.051
1.084	2.148
1.099	2.246
1.128	2.344
1.113	2.393
1.113	2.393
1.172	2.246
1.201	2.441
1.201	2.734
1.216	2.783
1.289	2.832
1.260	2.832
1.289	2.979
1.274	2.930
1.318	2.979
1.318	3.027
1.304	3.125
1.377	3.271
1.377	3.271
1.406	3.271
1.406	3.369
1.436	3.271
1.450	3.369
1.479	3.369
1.465	3.564
1.479	3.516
1.509	3.564
1.523	3.467
1.523	3.516
1.553	3.760
1.567	3.760
1.597	4.004
1.597	3.809
1.597	3.809
1.611	3.857
1.670	4.004
1.641	4.199
1.685	4.102
1.685	4.053
1.685	4.248
1.699	4.248
1.729	4.150
1.729	4.248
1.772	4.297
1.802	4.395
1.816	4.297
1.846	4.248
1.816	4.346
1.831	4.248
1.846	4.492
1.860	4.297
1.890	4.395
1.890	4.541
1.919	4.639
1.948	4.687
1.948	4.687
1.963	4.736
1.978	4.834
2.007	4.687
2.007	4.883
2.036	4.883
2.036	4.980
2.080	4.834
2.051	4.785
2.095	4.980
2.095	4.932
2.153	4.980
2.139	5.127
2.153	4.834
2.168	4.932
2.168	4.980
2.153	5.078
2.183	5.029
2.227	5.078
2.256	5.078
2.256	5.225
2.300	4.932
2.285	5.273
2.285	5.176
2.314	5.322
2.314	5.078
2.344	5.225
2.344	5.273
2.358	5.420
2.388	5.518
2.402	5.664
2.402	5.469
2.446	5.615
2.461	5.566
2.432	5.518
2.461	5.664
2.490	5.664
2.520	5.664
2.534	5.615
2.520	5.811
2.549	5.859
2.563	5.811
2.607	5.859
2.593	5.811
2.607	5.859
2.622	5.957
2.651	5.908
2.681	6.006
2.666	5.908
2.681	6.006
2.695	6.055
2.695	5.957
2.725	5.957
2.754	5.811
2.739	6.250
2.769	6.299
2.783	6.299
2.783	6.396
2.812	6.396
2.842	6.396
2.871	6.396
2.871	6.494
2.900	6.543
2.915	6.689
2.915	6.445
2.944	6.299
3.003	6.348
2.974	6.738
2.988	6.885
3.047	7.129
3.018	7.031
3.032	7.227
3.062	7.227
3.062	7.227
3.062	7.129
3.076	7.178
3.149	7.275
3.120	7.324
3.179	7.373
3.135	7.422
3.164	7.422
3.193	7.324
3.252	7.422
3.237	7.568
3.237	7.471
3.267	7.568
3.281	7.666
3.325	7.715
3.311	7.715
3.325	7.666
3.311	7.715
3.354	7.812
3.354	7.812
3.384	7.812
3.413	7.812
3.413	7.764
3.442	7.812
3.442	7.861
3.457	7.910
3.486	8.154
3.501	7.959
3.516	8.154
3.530	8.057
3.545	7.959
3.589	8.008
3.574	7.959
3.604	8.252
3.618	8.105
3.633	7.959
3.677	8.203
3.677	8.301
3.677	8.301
3.691	8.105
3.735	8.301
3.735	8.350
3.735	8.301
3.794	8.447
3.779	8.252
3.823	8.545
3.809	8.105
3.823	8.301
3.809	8.594
3.823	8.447
3.882	8.545
3.940	8.740
3.926	8.691
3.926	8.545
3.940	8.691
3.970	8.643
3.984	8.740
3.999	8.838
3.999	8.789
4.014	8.545
4.028	8.643
4.072	8.887
4.072	8.838
4.087	9.131
4.116	8.984
4.131	9.082
4.146	8.984
4.146	8.936
4.146	8.984
4.175	8.936
4.189	9.131
4.204	9.033
4.204	9.131
4.233	9.229
4.248	9.326
4.263	9.082
4.292	8.887
4.292	9.180
4.307	9.375
4.336	9.229
4.380	9.326
4.380	9.521
4.409	9.375
4.380	9.375
4.424	9.473
4.438	9.375
4.453	9.424
4.453	9.521
4.482	9.473
4.482	9.473
4.512	9.521
4.512	9.668
4.556	9.570
4.570	9.521
4.570	9.521
4.585	9.766
4.614	9.619
4.629	9.717
4.629	9.619
4.658	9.717
4.658	9.668
4.687	9.766
4.658	9.863
4.673	9.961
4.731	9.814
4.731	9.912
4.761	10.059
4.775	10.010
4.805	9.863
4.805	10.010
4.819	9.961
4.849	10.156
4.849	10.010
4.878	10.010
4.893	9.912
4.893	10.254
4.922	10.205
4.937	10.107
4.937	10.107
4.966	10.352
4.995	10.205
4.980	10.352
4.995	10.352
5.024	10.205
5.054	10.059
5.068	10.254
5.083	10.303
5.083	10.205
5.098	10.254
5.083	10.254
5.127	10.352
5.171	10.303
5.171	10.547
5.200	10.400
5.215	10.303
5.215	10.596
5.229	10.547
5.215	10.498
5.303	10.693
5.273	10.742
5.303	10.596
5.273	10.791
5.347	10.742
5.361	10.547
5.376	10.596
5.361	10.840
5.405	10.596
5.405	10.742
5.420	11.035
5.493	11.035
5.479	10.840
5.493	10.840
5.493	10.986
5.508	11.035
5.522	10.937
5.552	11.328
5.596	11.133
5.566	11.182
5.581	11.230
5.654	10.986
5.640	11.035
5.625	10.986
5.625	11.035
5.669	11.279
5.698	11.279
5.698	11.182
5.728	11.279
5.742	11.426
5.771	11.377
5.786	11.426
5.771	11.279
5.815	11.377
5.859	11.377
5.830	11.426
5.859	11.377
5.859	11.670
5.889	11.572
5.918	11.719
5.918	11.670
5.933	11.865
5.947	11.719
5.947	11.719
5.977	11.816
5.991	11.572
6.035	11.572
6.035	11.670
6.094	11.816
6.079	11.865
6.094	11.670
6.094	11.865
6.138	11.768
6.108	11.963
6.152	11.816
6.167	11.963
6.196	11.963
6.211	12.012
6.240	12.061
6.270	12.109
6.284	12.207
6.284	12.012
6.299	12.012
6.343	12.061
6.343	12.109
6.343	12.207
6.343	12.256
6.431	12.061
6.416	12.256
6.416	12.012
6.475	12.354
6.445	12.305
6.475	12.451
6.489	12.500
6.504	12.451
6.533	12.695
6.519	12.402
6.533	12.500
6.592	12.598
6.621	12.598
6.606	12.549
6.636	12.646
6.680	12.451
6.650	12.695
6.665	12.891
6.680	12.451
6.724	12.744
6.724	12.695
6.768	12.793
6.768	12.646
6.768	12.695
6.797	12.988
6.812	12.793
6.826	12.988
6.870	12.939
6.870	12.939
6.870	12.891
6.914	12.988
6.929	12.793
6.929	13.135
6.958	13.184
6.973	13.037
6.987	13.135
7.002	13.232
7.017	13.281
7.061	13.281
7.075	13.428
7.119	13.330
7.090	13.574
7.119	13.428
7.148	13.379
7.163	13.525
7.148	13.623
7.163	13.672
7.207	13.574
7.192	13.428
7.236	13.623
7.236	13.574
7.266	13.574
7.266	13.672
7.295	13.770
7.354	13.867
7.368	13.721
7.368	13.818
7.397	14.062
7.383	13.770
7.412	13.867
7.427	13.965
7.441	14.014
7.471	14.111
7.471	14.062
7.500	13.916
7.500	14.160
7.515	14.355
7.544	14.209
7.573	14.355
7.588	14.111
7.632	14.404
7.632	14.404
7.646	14.355
7.646	14.502
7.705	14.307
7.734	14.453
7.734	14.453
7.734	14.600
7.749	14.502
7.764	14.648
7.793	14.648
7.793	14.600
7.822	14.648
7.837	14.648
7.852	14.844
7.866	14.697
7.866	14.844
7.939	14.941
7.925	14.844
7.954	14.990
7.969	14.795
7.983	15.039
7.983	14.893
8.057	14.990
8.071	15.234
8.042	14.990
8.071	14.990
8.101	15.137
8.115	15.234
8.101	15.137
8.145	15.186
8.174	15.283
8.188	15.381
8.232	15.381
8.247	15.430
8.247	15.576
8.262	15.527
8.247	15.576
8.306	15.625
8.335	15.576
8.350	15.674
8.379	15.625
8.394	15.674
8.394	15.723
8.423	15.625
8.423	15.625
8.437	15.674
8.467	15.820
8.511	15.771
8.555	15.869
8.540	15.918
8.525	16.016
8.569	15.918
8.599	16.016
8.599	16.064
8.613	15.967
8.643	16.064
8.657	16.309
8.657	16.260
8.716	16.113
8.701	16.357
8.716	16.260
8.760	16.406
8.745	15.967
8.804	16.211
8.804	16.357
8.833	16.406
8.862	16.699
8.892	16.455
8.892	16.504
8.877	16.650
8.906	16.504
8.921	16.504
8.936	16.895
8.965	16.797
9.023	16.748
9.023	16.748
9.023	16.797
9.038	16.846
9.067	16.895
9.097	16.797
9.097	16.748
9.111	17.041
9.170	16.895
9.141	16.895
9.170	16.992
9.214	17.139
9.199	17.187
9.229	17.187
9.243	17.236
9.258	17.236
9.316	17.236
9.346	17.236
9.316	17.236
9.331	17.285
9.346	17.480
9.375	17.090
9.375	17.383
9.390	17.432
9.419	17.383
9.434	17.334
9.448	17.529
9.478	17.773
9.478	17.627
9.521	17.676
9.507	17.627
9.551	17.725
9.536	17.773
9.609	17.627
9.609	17.773
9.639	17.676
9.653	17.822
9.668	17.871
9.697	17.920
9.712	17.969
9.727	18.164
9.756	18.018
9.771	18.115
9.756	18.115
9.814	17.773
9.844	18.457
9.844	18.359
9.873	18.262
9.858	18.066
9.902	18.311
9.917	18.359
9.932	18.555
9.961	18.555
9.990	18.408
9.990	18.457
10.020	18.457
10.034	18.604
10.063	18.506
10.020	18.701
10.093	18.652
10.122	18.701
10.107	18.701
10.151	18.799
10.181	18.652
10.195	18.604
10.181	18.555
10.210	18.799
10.283	18.799
10.269	18.945
10.269	19.043
10.312	19.092
10.298	18.994
10.298	18.945
10.342	19.141
10.371	19.043
10.386	19.043
10.386	19.141
10.415	19.092
10.444	19.189
10.459	19.287
10.459	19.238
10.503	19.287
10.518	19.434
10.503	19.287
10.576	19.189
10.576	19.287
10.576	19.238
10.591	19.336
10.635	19.287
10.635	19.385
10.635	19.385
10.679	19.531
10.664	19.482
10.708	19.385
10.737	19.434
10.752	19.629
10.767	19.531
10.796	19.482
10.811	19.580
10.825	19.775
10.840	19.727
10.898	19.775
10.869	19.775
10.898	19.873
10.898	19.629
10.942	19.775
10.957	20.020
10.986	19.727
10.986	19.824
11.030	19.922
11.045	19.922
11.060	20.117
11.089	19.873
11.089	20.020
11.118	20.117
11.147	20.068
11.162	20.215
11.118	20.166
11.191	20.215
11.235	20.068
11.206	20.166
11.250	20.264
11.265	20.312
11.279	20.264
11.294	20.410
11.338	20.508
11.323	20.264
11.367	20.215
11.382	20.459
11.396	20.508
11.411	20.361
11.426	20.410
11.455	20.508
11.455	20.508
11.470	20.703
11.514	20.752
11.528	20.654
11.572	20.654
11.572	20.801
11.572	20.850
11.602	20.947
11.616	21.045
11.646	20.996
11.660	21.094
11.675	21.338
11.704	21.191
11.719	21.143
11.719	21.338
11.748	21.436
11.777	21.289
11.792	21.387
11.821	21.436
11.851	21.582
11.895	21.338
11.865	21.484
11.895	21.680
11.938	21.680
11.924	21.582
11.909	21.777
11.938	21.777
11.982	21.875
12.012	21.826
12.026	22.021
12.056	22.119
12.070	21.924
12.085	21.973
12.100	22.119
12.129	22.266
12.144	22.070
12.144	22.266
12.187	22.266
12.217	22.363
12.217	22.412
12.246	22.314
12.261	22.559
12.290	22.461
12.305	22.607
12.290	22.705
12.349	22.656
12.363	22.656
12.349	22.705
12.407	22.803
12.422	22.900
12.437	22.656
12.451	22.852
12.480	23.096
12.495	23.145
12.510	23.145
12.539	23.291
12.554	23.096
12.583	23.193
12.598	23.389
12.627	23.437
12.656	23.486
12.642	23.633
12.671	23.535
12.715	23.535
12.700	23.682
12.729	23.535
12.759	23.633
12.759	23.828
12.788	23.877
12.817	23.779
12.847	23.877
12.847	23.779
12.861	24.023
12.905	24.023
12.920	23.926
12.935	23.975
12.949	22.266
12.964	0.781
12.964	-0.781
13.008	-0.342
13.022	-0.342
13.022	-0.293
13.066	-0.244
13.096	-0.391
13.125	-0.146
13.140	-0.146
13.154	-0.098
13.198	-0.146
13.198	-0.439
13.213	-0.049
13.228	-0.195
13.271	-0.293
13.286	-0.391
13.315	-0.146
13.330	-0.342
13.330	-0.146
13.359	-0.537
13.359	-0.244
13.389	-0.342
13.418	-0.342
13.433	-0.195
13.447	-0.195
13.477	-0.195
13.491	-0.244
13.535	-0.244
13.506	-0.342
13.521	-0.244
13.521	-0.195
13.521	-0.146
13.521	-0.293
13.535	-0.195
13.491	-0.195
13.506	-0.146
13.521	-0.244
13.506	-0.146
13.477	-0.244
13.506	-0.244
13.521	-0.098
13.535	-0.293
13.535	-0.244
13.491	-0.244
13.521	-0.146
13.506	-0.342
13.535	-0.293
13.535	-0.293
13.491	-0.244
13.521	-0.293
13.506	-0.293
13.521	-0.195
13.521	-0.488
13.491	-0.342
13.521	0.000
13.521	-0.391
13.521	-0.049
13.521	-0.488
13.521	-0.146
13.521	-0.244
13.462	-0.244
13.521	-0.342
13.521	-0.146
13.491	-0.244
13.521	-0.098
13.521	-0.195
13.491	-0.195
13.521	-0.244
13.521	-0.293
13.506	-0.195
13.521	-0.098
13.521	-0.244
13.521	-0.244
13.521	-0.244
13.521	-0.146
13.521	-0.293
13.506	-0.439
13.521	-0.195
13.506	-0.342
13.521	-0.293
13.521	-0.293
13.491	-0.244
13.521	-0.293
13.535	-0.293
13.506	-0.146
13.564	-0.391
13.521	-0.195
13.535	-0.537
13.521	-0.146
13.535	-0.244
13.521	-0.342
13.521	-0.049
13.506	-0.342
13.506	-0.293
13.521	-0.195
13.521	-0.342
13.521	-0.342
13.506	-0.244
13.521	-0.342
13.550	-0.439
13.521	-0.391
13.462	-0.293
13.521	-0.146
13.521	-0.244
13.535	-0.146
13.564	-0.244
13.506	-0.098
13.521	-0.244
13.521	-0.293
13.550	-0.098
13.506	-0.195
13.506	-0.391
13.521	-0.195
13.521	-0.244
13.506	-0.195
13.506	-0.195
13.535	-0.244
13.550	-0.293
13.521	-0.293
13.521	-0.244
13.506	-0.146
13.521	-0.146
13.521	-0.244
13.521	-0.244
13.521	-0.293
13.535	-0.146
13.506	-0.293
13.521	0.000
