0.044	0.049
0.073	0.342
0.029	0.049
0.044	0.244
0.029	0.098
0.044	0.391
0.059	0.098
0.044	0.000
0.044	0.000
0.059	0.049
0.044	0.098
0.029	0.000
0.073	0.293
0.044	0.000
0.044	0.098
0.044	0.049
0.059	-0.049
0.059	0.049
0.088	0.146
0.073	0.195
0.117	0.146
0.132	0.049
0.132	0.195
0.176	-0.098
0.176	0.146
0.176	0.195
0.190	0.293
0.190	0.049
0.205	0.146
0.220	0.391
0.249	0.098
0.234	0.244
0.249	0.146
0.264	0.098
0.293	0.195
0.308	0.098
0.293	0.146
0.337	0.000
0.337	0.195
0.352	0.098
0.381	0.146
0.396	0.049
0.396	0.146
0.410	0.098
0.425	0.195
0.425	-0.049
0.469	0.000
0.469	0.049
0.498	-0.049
0.513	0.098
0.483	0.195
0.527	0.000
0.513	0.098
0.542	0.000
0.586	0.244
0.557	0.000
0.615	0.195
0.586	0.195
0.645	0.244
0.615	0.391
0.645	0.391
0.645	0.342
0.659	0.342
0.703	0.293
0.718	0.342
0.703	0.391
0.718	0.488
0.747	0.342
0.747	0.488
0.776	0.732
0.776	0.537
0.791	0.586
0.791	0.537
0.806	0.537
0.835	0.537
0.850	0.684
0.879	0.781
0.879	0.635
0.908	0.684
0.923	0.732
0.937	1.074
0.996	0.635
0.967	0.439
0.967	0.732
0.996	0.732
1.011	0.732
1.025	0.830
1.040	0.830
1.055	0.928
1.069	0.488
1.099	1.025
1.084	0.781
1.069	0.830
1.084	0.830
1.128	1.123
1.172	0.781
1.157	1.025
1.187	1.123
1.230	0.977
1.216	1.025
1.245	1.123
1.245	1.123
1.274	1.172
1.289	1.465
1.289	1.123
1.318	1.221
1.318	1.318
1.318	1.514
1.348	1.270
1.406	1.367
1.406	1.367
1.421	1.367
1.436	1.416
1.450	1.660
1.450	1.465
1.479	1.709
1.479	1.416
1.509	1.465
1.523	1.514
1.523	1.416
1.538	1.465
1.582	1.514
1.567	1.855
1.626	1.807
1.626	1.807
1.641	1.855
1.655	1.855
1.670	1.855
1.685	2.002
1.685	2.100
1.699	2.051
1.729	2.100
1.729	2.148
1.758	2.002
1.772	2.246
1.772	2.197
1.802	1.807
1.831	2.246
1.846	2.246
1.860	2.393
1.860	2.393
1.890	2.393
1.904	2.246
1.890	2.246
1.919	2.100
1.919	2.002
1.963	2.148
1.992	2.197
1.992	2.246
2.007	2.100
2.036	2.051
2.065	2.344
2.051	2.148
2.095	2.344
2.124	2.344
2.095	2.588
2.095	2.441
2.153	2.490
2.153	2.344
2.168	2.588
2.168	2.734
2.183	2.637
2.212	3.027
2.241	2.734
2.271	2.832
2.271	2.686
2.300	2.832
2.285	2.832
2.314	3.027
2.329	2.930
2.344	3.174
2.373	3.125
2.358	3.076
2.432	3.223
2.417	3.223
2.417	3.174
2.461	3.369
2.461	3.271
2.461	3.320
2.534	3.320
2.490	3.613
2.534	3.467
2.534	3.516
2.549	3.467
2.549	3.516
2.578	3.564
2.578	3.662
2.593	3.711
2.622	3.857
2.637	3.564
2.651	3.955
2.622	3.711
2.681	4.004
2.725	3.857
2.710	3.857
2.725	3.662
2.739	3.955
2.754	3.906
2.754	4.102
2.798	4.102
2.754	4.150
2.783	4.102
2.827	4.297
2.827	4.443
2.871	4.346
2.886	4.443
2.915	4.492
2.900	4.443
2.959	4.492
2.944	4.395
2.959	4.687
3.003	4.736
2.974	4.590
3.032	4.736
3.047	4.736
3.032	4.639
3.047	4.834
3.091	4.834
3.105	4.834
3.105	4.883
3.135	4.883
3.149	4.883
3.164	4.980
3.179	4.980
3.179	5.078
3.179	3.662
3.193	0.049
3.237	-0.488
3.267	-0.293
3.252	-0.244
3.281	-0.244
3.311	-0.244
3.311	-0.439
3.340	-0.195
3.369	-0.195
3.354	-0.244
3.384	-0.293
3.384	-0.146
3.413	-0.195
3.413	-0.195
3.457	-0.244
3.472	-0.098
3.472	-0.195
3.486	-0.391
3.516	-0.146
3.530	-0.049
3.516	-0.098
3.545	-0.146
3.574	-0.342
3.604	-0.146
3.604	-0.146
3.618	-0.342
3.647	-0.293
3.662	-0.146
3.647	-0.146
3.691	-0.146
3.691	-0.244
3.706	-0.049
3.750	-0.098
3.750	-0.244
3.765	0.000
3.779	-0.195
3.853	-0.146
3.823	-0.098
3.867	-0.146
3.867	-0.439
3.867	-0.293
3.853	-0.146
3.896	-0.195
3.911	-0.195
3.926	-0.098
3.940	-0.146
3.955	-0.049
3.984	-0.391
3.999	-0.342
3.999	-0.146
4.028	-0.146
4.043	-0.049
4.072	-0.195
4.072	-0.195
4.058	-0.195
4.087	-0.098
4.116	0.049
4.160	-0.342
4.131	-0.342
4.131	-0.244
4.131	-0.195
4.131	-0.293
4.146	-0.049
4.131	-0.146
4.116	-0.342
4.160	-0.146
4.146	-0.195
4.116	-0.195
4.146	-0.244
4.146	-0.146
4.146	-0.098
4.131	-0.293
4.131	-0.293
4.131	-0.195
4.146	-0.244
4.131	-0.146
4.175	-0.098
4.131	-0.293
4.116	-0.195
4.116	-0.098
4.131	-0.342
4.131	-0.146
4.131	-0.195
4.175	-0.195
4.131	-0.195
4.131	-0.146
4.116	-0.195
4.146	-0.537
4.116	-0.049
4.131	-0.146
4.146	-0.195
4.131	-0.488
4.087	-0.195
4.131	-0.146
4.131	-0.391
4.131	-0.391
4.131	-0.195
4.131	-0.195
4.116	-0.293
4.146	-0.244
4.131	-0.244
4.131	-0.146
4.175	-0.195
4.116	-0.244
4.131	-0.195
4.131	-0.244
4.146	-0.098
4.131	-0.293
4.131	-0.342
4.146	-0.293
4.146	-0.146
4.131	-0.342
4.131	-0.391
4.131	-0.098
