0.029	0.000
0.059	0.195
0.029	0.049
0.029	0.146
0.029	-0.146
0.029	0.000
0.059	0.000
0.059	0.146
0.088	-0.049
0.059	0.195
0.073	0.195
0.103	0.049
0.132	0.146
0.146	0.146
0.161	0.146
0.146	0.049
0.161	0.146
0.190	0.195
0.220	0.195
0.234	0.195
0.205	0.195
0.249	0.293
0.264	0.293
0.234	0.244
0.278	0.195
0.264	0.146
0.293	0.244
0.322	0.244
0.337	0.342
0.352	0.293
0.366	0.195
0.366	0.342
0.396	0.391
0.396	0.098
0.410	0.488
0.425	0.244
0.425	0.439
0.454	0.391
0.469	0.537
0.469	0.439
0.513	0.732
0.513	0.781
0.542	0.586
0.557	0.684
0.586	0.439
0.586	0.732
0.615	0.732
0.615	0.537
0.601	0.830
0.645	0.684
0.674	0.732
0.688	0.586
0.688	0.879
0.703	1.074
0.732	1.123
0.747	0.830
0.762	0.928
0.791	1.074
0.806	0.977
0.820	1.123
0.820	1.221
0.835	1.367
0.864	1.367
0.850	1.221
0.923	1.270
0.894	1.318
0.908	1.514
0.952	1.318
0.996	1.367
0.937	1.416
0.967	1.416
0.981	1.465
0.996	1.562
1.025	1.660
1.040	1.758
1.069	1.660
1.069	1.709
1.099	1.807
1.099	1.807
1.128	1.807
1.128	1.855
1.157	1.904
1.172	2.100
1.172	2.197
1.201	2.100
1.216	2.148
1.230	2.100
1.260	2.148
1.245	2.148
1.274	2.344
1.304	2.246
1.289	2.441
1.333	2.344
1.333	2.441
1.348	2.441
1.377	2.832
1.362	2.686
1.392	2.734
1.421	2.539
1.436	2.686
1.450	2.686
1.465	2.783
1.465	2.832
1.494	2.783
1.494	2.979
1.523	3.174
1.538	3.076
1.538	3.320
1.582	3.174
1.611	3.418
1.626	3.174
1.611	3.418
1.655	3.320
1.655	3.467
1.685	3.418
1.670	3.467
1.699	3.516
1.729	3.467
1.772	3.662
1.758	3.564
1.758	3.711
1.787	3.760
1.758	3.906
1.802	3.711
1.846	4.004
1.846	3.955
1.860	3.955
1.890	3.906
1.904	4.053
1.904	4.102
1.919	4.150
1.978	4.395
1.934	4.150
1.978	4.297
1.992	4.346
1.992	4.443
2.007	4.248
2.021	4.346
2.051	4.541
2.051	4.639
2.080	4.541
2.095	4.687
2.109	4.541
2.109	4.395
2.124	4.883
2.153	4.736
2.139	4.932
2.183	4.834
2.197	4.883
2.227	4.932
2.227	4.883
2.241	4.980
2.227	5.078
2.256	5.078
2.271	5.176
2.285	5.127
2.300	4.980
2.314	5.273
2.329	5.322
2.344	5.566
2.358	5.371
2.402	5.518
2.402	5.469
2.432	5.469
2.446	5.273
2.461	5.322
2.417	5.713
2.476	5.566
2.490	5.664
2.520	5.811
2.534	5.811
2.534	5.762
2.563	5.859
2.549	5.908
2.563	5.811
2.607	5.762
2.593	5.957
2.637	5.957
2.637	6.055
2.651	6.006
2.666	6.201
2.695	6.006
2.695	6.299
2.710	6.201
2.754	6.250
2.769	6.299
2.769	6.250
2.783	6.299
2.739	6.396
2.783	6.348
2.798	6.641
2.842	6.299
2.871	6.689
2.886	6.543
2.915	6.494
2.915	6.738
2.915	6.689
2.930	6.787
2.930	6.934
2.974	6.689
2.974	6.836
2.988	6.885
3.018	6.934
3.047	7.031
3.047	6.934
3.062	7.080
3.076	7.031
3.105	7.275
3.076	7.324
3.135	7.275
3.149	7.227
3.164	7.227
3.164	7.227
3.193	7.275
3.193	7.227
3.208	7.373
3.267	7.373
3.252	7.422
3.325	7.568
3.281	7.568
3.340	7.812
3.325	7.471
3.340	7.617
3.354	7.617
3.369	7.666
3.398	7.715
3.398	7.471
3.413	7.715
3.442	7.861
3.472	7.715
3.472	7.861
3.472	7.764
3.501	8.008
3.516	8.008
3.516	8.203
3.560	7.959
3.574	8.203
3.589	8.154
3.589	8.105
3.604	8.105
3.647	8.154
3.647	8.301
3.677	8.154
3.677	8.154
3.721	8.252
3.691	8.398
3.750	8.350
3.735	8.350
3.765	8.203
3.765	8.447
3.779	8.740
3.794	8.545
3.809	8.545
3.838	8.691
3.853	8.496
3.853	8.496
3.882	8.545
3.911	8.594
3.911	8.496
3.940	8.594
3.955	8.643
3.970	8.789
3.984	8.789
3.970	8.740
4.014	8.789
4.028	8.789
4.072	8.838
4.102	8.984
4.072	8.740
4.087	8.838
4.102	8.887
4.146	8.984
4.131	8.936
4.160	9.180
4.160	9.082
4.160	9.229
4.189	9.131
4.219	9.229
4.219	9.180
4.233	9.180
4.248	9.180
4.277	9.375
4.292	9.375
4.307	9.473
4.307	9.424
4.307	9.326
4.336	9.375
4.365	9.229
4.380	9.521
4.395	9.570
4.438	9.473
4.438	9.473
4.453	9.473
4.453	9.473
4.468	9.570
4.482	9.570
4.512	9.717
4.512	9.766
4.526	9.619
4.541	9.814
4.556	9.619
4.600	9.619
4.614	9.766
4.629	9.814
4.644	9.814
4.629	9.521
4.717	9.619
4.673	9.961
4.687	9.668
4.717	9.766
4.717	9.912
4.731	10.107
4.746	10.010
4.761	9.912
4.775	10.010
4.805	10.059
4.819	10.156
4.849	10.059
4.849	10.156
4.849	10.107
4.878	10.107
4.907	10.303
4.922	10.156
4.922	10.303
4.951	10.156
4.922	10.352
4.966	10.303
4.980	10.254
4.995	10.449
5.054	10.400
5.039	10.205
5.068	10.400
5.068	10.254
5.083	10.449
5.098	10.596
5.127	10.400
5.142	10.303
5.156	10.352
5.171	10.547
5.200	10.645
5.186	10.596
5.215	10.693
5.244	10.596
5.244	10.693
5.273	10.645
5.273	3.027
5.259	-0.488
5.303	-0.146
5.332	-0.049
5.332	0.098
5.361	-0.098
5.361	-0.195
5.405	0.000
5.420	0.146
5.420	0.000
5.435	-0.098
5.449	0.000
5.464	-0.049
5.493	-0.195
5.508	0.049
5.537	0.000
5.537	0.098
5.552	-0.098
5.566	0.000
5.581	0.049
5.596	0.000
5.625	-0.098
5.625	-0.391
5.654	-0.146
5.669	-0.049
5.684	-0.098
5.698	-0.098
5.728	-0.195
5.757	-0.049
5.742	0.000
5.757	-0.244
5.771	-0.146
5.801	0.000
5.815	-0.049
5.830	0.146
5.845	-0.049
5.889	0.049
5.874	-0.146
5.889	0.049
5.903	-0.098
5.918	0.098
5.947	-0.146
5.933	-0.098
5.933	-0.049
5.947	-0.098
5.933	0.000
5.933	0.000
5.947	-0.195
5.977	0.146
5.933	0.146
5.933	0.049
5.947	-0.049
5.933	0.000
5.933	-0.098
5.933	0.049
5.933	0.049
5.933	-0.098
5.933	-0.049
5.933	-0.146
5.933	-0.049
5.947	0.049
5.962	0.000
5.918	0.098
5.933	-0.098
5.933	-0.049
5.933	-0.146
5.933	0.049
5.933	0.000
5.933	0.098
5.947	0.049
5.933	-0.049
5.933	-0.244
5.933	0.000
5.962	0.000
5.933	-0.293
5.918	-0.098
5.933	-0.098
5.933	0.049
5.933	0.146
5.918	-0.049
5.918	-0.098
5.933	-0.049
5.933	0.000
5.933	0.049
5.933	0.000
5.947	-0.098
5.933	-0.146
5.933	0.049
5.933	0.098
5.947	-0.098
5.933	-0.049
5.933	-0.098
5.933	0.146
5.933	0.000
5.933	0.195
5.933	-0.146
5.933	0.000
5.933	-0.098
5.933	0.049
5.933	0.000
5.947	0.000
5.933	0.049
5.962	0.000
5.933	-0.146
5.947	0.098
5.903	0.000
5.918	-0.098
5.933	0.049
5.933	-0.049
5.947	-0.049
5.947	0.049
5.918	-0.098
5.933	0.000
5.933	-0.195
5.918	-0.244
5.903	-0.049
5.947	-0.195
5.933	-0.244
5.933	-0.146
5.933	0.049
5.933	0.098
5.933	0.049
5.947	-0.049
5.947	-0.195
5.947	0.146
5.977	0.049
5.918	0.000
5.918	-0.049
5.933	0.000
5.933	0.049
5.947	0.146
5.933	0.049
5.918	-0.049
5.933	0.049
5.947	-0.049
5.918	-0.195
5.903	-0.049
5.933	-0.146
5.933	0.049
