0.220	0.049
0.220	0.049
0.220	0.098
0.220	0.098
0.220	0.049
0.220	0.000
0.249	0.195
0.264	-0.049
0.278	0.098
0.278	0.146
0.293	0.293
0.308	0.049
0.337	-0.049
0.322	0.098
0.352	0.146
0.352	0.195
0.366	0.146
0.381	0.195
0.410	0.146
0.410	0.195
0.439	0.000
0.410	0.098
0.454	0.195
0.483	0.244
0.498	0.049
0.483	0.244
0.513	0.293
0.527	0.098
0.513	0.244
0.527	0.000
0.571	0.244
0.557	0.342
0.586	0.146
0.586	0.342
0.601	0.391
0.659	0.244
0.645	0.439
0.674	0.342
0.630	0.293
0.703	0.342
0.703	0.342
0.674	0.293
0.718	0.342
0.703	0.293
0.776	0.439
0.747	0.537
0.776	0.586
0.791	0.488
0.791	0.537
0.806	0.488
0.835	0.537
0.820	0.635
0.864	0.488
0.879	0.537
0.894	0.586
0.894	0.635
0.937	0.537
0.923	0.781
0.952	0.879
0.952	0.732
0.981	0.732
0.996	1.123
1.011	0.977
0.996	0.879
1.025	0.830
1.040	1.172
1.113	1.025
1.069	1.025
1.069	1.172
1.113	1.123
1.113	1.025
1.143	1.123
1.143	1.123
1.172	1.416
1.157	1.318
1.157	1.367
1.172	1.367
1.216	1.318
1.245	1.465
1.274	1.514
1.245	1.514
1.289	1.562
1.289	1.709
1.318	1.709
1.318	1.855
1.348	1.807
1.362	1.807
1.362	1.807
1.377	2.197
1.392	2.051
1.392	2.148
1.450	2.246
1.479	2.295
1.538	2.441
1.523	2.539
1.509	2.734
1.538	2.783
1.538	2.734
1.597	2.734
1.582	2.979
1.597	3.076
1.611	3.174
1.641	3.223
1.655	3.223
1.699	3.174
1.685	3.320
1.699	3.369
1.714	3.418
1.729	3.564
1.729	3.955
1.743	3.857
1.772	4.004
1.802	4.053
1.802	4.150
1.846	4.297
1.846	4.248
1.846	4.395
1.860	4.590
1.904	4.785
1.904	4.639
1.890	4.834
1.934	4.834
1.948	4.932
1.978	4.980
1.978	4.980
2.007	4.736
2.007	5.078
2.036	5.225
2.036	5.322
2.065	5.518
2.080	5.420
2.095	5.615
2.153	5.859
2.124	5.664
2.153	5.859
2.168	6.006
2.183	6.104
2.212	6.201
2.227	6.201
2.227	6.494
2.241	6.201
2.271	6.348
2.271	6.445
2.271	6.494
2.271	6.689
2.344	6.787
2.329	6.836
2.358	6.543
2.358	6.982
2.373	7.129
2.388	7.080
2.446	7.178
2.417	7.324
2.446	7.324
2.446	7.422
2.476	7.422
2.476	7.324
2.490	7.617
2.490	7.764
2.549	7.666
2.549	7.861
2.563	7.861
2.593	7.861
2.578	7.959
2.622	7.959
2.607	8.105
2.637	8.301
2.651	8.154
2.666	8.398
2.666	8.496
2.695	8.643
2.754	8.545
2.725	8.350
2.710	8.545
2.754	8.691
2.769	8.789
2.783	8.545
2.798	8.789
2.812	8.789
2.812	8.984
2.842	9.180
2.915	9.131
2.886	9.033
2.900	9.326
2.915	9.277
2.915	9.424
2.930	9.619
3.003	9.375
2.988	9.668
2.988	9.570
3.003	9.814
3.018	9.668
3.032	9.766
3.062	9.717
3.076	9.766
3.076	9.668
3.105	9.961
3.076	9.814
3.120	10.156
3.135	10.107
3.149	10.205
3.193	10.059
3.208	10.352
3.223	10.449
3.237	10.303
3.237	10.547
3.252	10.498
3.252	10.547
3.281	10.596
3.340	10.645
3.325	10.693
3.354	10.547
3.369	10.840
3.354	10.889
3.354	11.035
3.398	10.937
3.384	10.889
3.398	10.986
3.442	11.133
3.442	11.133
3.486	11.182
3.486	11.084
3.516	11.328
3.516	11.426
3.530	11.328
3.501	11.426
3.560	11.523
3.604	11.475
3.574	11.523
3.574	11.670
3.633	11.621
3.647	11.670
3.662	11.670
3.662	11.768
3.691	11.963
3.706	11.768
3.721	11.865
3.735	11.914
3.765	11.914
3.750	11.963
3.735	11.719
3.794	12.012
3.838	11.963
3.838	12.012
3.853	12.256
3.838	12.109
3.882	12.207
3.911	12.305
3.911	12.158
3.926	12.354
3.955	12.354
3.940	12.305
3.955	12.402
3.955	12.451
3.999	12.402
4.028	12.451
4.043	12.598
4.058	12.646
4.072	12.695
4.087	12.939
4.102	12.744
4.116	12.744
4.146	12.646
4.131	12.793
4.175	12.988
4.204	12.891
4.219	13.037
4.248	13.086
4.248	13.135
4.263	13.330
4.248	13.086
4.307	13.232
4.307	13.135
4.365	13.232
4.351	13.086
4.351	13.135
4.365	13.281
4.395	13.428
4.395	13.232
4.409	13.135
4.438	13.379
4.438	13.379
4.468	13.281
4.468	13.428
4.482	13.574
4.526	13.477
4.512	13.623
4.541	13.574
4.512	13.770
4.570	13.672
4.556	13.818
4.600	13.867
4.629	13.770
4.629	13.770
4.673	13.867
4.658	13.867
4.658	13.965
4.687	13.867
4.702	14.014
4.717	14.111
4.717	14.062
4.761	14.160
4.761	14.111
4.775	14.111
4.819	14.209
4.819	14.258
4.834	14.258
4.863	14.307
4.849	14.404
4.878	14.355
4.907	14.502
4.907	14.502
4.951	14.404
4.951	14.307
4.951	14.453
4.980	14.502
4.980	14.502
5.010	14.600
5.068	14.404
5.054	14.795
5.068	14.844
5.068	14.893
5.083	14.893
5.083	14.795
5.098	15.088
5.142	14.893
5.156	14.990
5.156	14.746
5.186	14.990
5.215	15.088
5.215	15.186
5.229	15.186
5.244	15.039
5.273	15.283
5.273	15.283
5.332	15.332
5.303	15.381
5.332	15.283
5.347	15.479
5.347	15.479
5.347	15.674
5.391	15.576
5.405	15.820
5.420	15.576
5.435	15.576
5.449	15.674
5.449	15.723
5.479	15.723
5.508	15.820
5.537	15.771
5.552	16.064
5.537	16.016
5.552	15.918
5.581	16.113
5.581	16.016
5.596	16.016
5.596	16.260
5.654	15.820
5.654	16.064
5.684	16.309
5.713	16.406
5.742	16.357
5.742	16.406
5.757	16.455
5.757	16.553
5.771	16.504
5.815	16.650
5.801	16.602
5.801	16.650
5.845	16.650
5.859	16.748
5.918	16.797
5.859	16.895
5.903	16.797
5.918	16.797
5.933	17.041
5.947	17.041
5.947	17.236
5.962	17.236
6.006	17.187
6.035	17.383
6.035	17.480
6.079	17.285
6.064	17.334
6.064	17.480
6.094	17.383
6.094	17.480
6.108	17.480
6.138	17.627
6.152	17.676
6.196	17.627
6.182	17.773
6.196	17.822
6.240	17.920
6.226	17.969
6.284	18.115
6.270	18.018
6.299	18.115
6.313	18.213
6.357	18.262
6.328	18.213
6.372	18.359
6.387	18.115
6.401	18.457
6.387	18.457
6.431	18.604
6.445	18.506
6.460	18.848
6.489	18.604
6.489	18.652
6.460	18.750
6.519	18.994
6.533	18.896
6.606	18.945
6.562	19.141
6.606	19.043
6.621	19.043
6.636	19.141
6.650	19.238
6.665	19.287
6.650	19.434
6.694	19.385
6.694	19.482
6.709	19.482
6.753	19.580
6.797	19.775
6.782	19.727
6.797	19.727
6.812	19.824
6.812	19.678
6.885	20.020
6.870	20.117
6.885	20.068
6.870	20.020
6.943	19.971
6.914	20.166
6.943	20.459
6.958	20.361
6.987	20.312
7.002	20.410
7.031	20.312
7.046	20.654
7.046	20.557
7.090	20.654
7.134	20.801
7.119	20.752
7.119	20.703
7.148	20.947
7.192	20.898
7.163	20.850
7.192	21.191
7.178	20.947
7.251	21.094
7.251	21.338
7.266	21.387
7.280	21.436
7.295	21.533
7.310	21.582
7.324	21.631
7.354	21.875
7.397	21.826
7.368	22.070
7.412	22.070
7.456	21.729
7.427	22.070
7.515	22.119
7.471	22.314
7.485	22.510
7.515	22.314
7.529	22.412
7.544	22.705
7.544	22.559
7.573	22.607
7.603	22.705
7.617	22.656
7.661	22.900
7.646	22.998
7.676	22.998
7.690	23.047
7.720	23.096
7.720	23.145
7.734	23.291
7.749	23.340
7.764	23.437
7.793	23.437
7.808	23.682
7.822	23.682
7.837	23.486
7.881	23.682
7.866	23.682
7.896	23.926
7.925	23.926
7.939	23.975
7.925	24.072
7.969	23.975
7.969	24.072
8.013	24.023
8.027	24.170
8.057	24.268
8.057	24.170
8.086	24.268
8.101	24.316
8.115	24.414
8.130	24.365
8.115	24.414
8.159	24.609
8.203	24.512
8.203	24.512
8.203	24.609
8.232	24.658
8.247	24.609
8.291	24.756
8.291	24.561
8.306	24.463
8.320	24.463
8.335	24.561
8.350	24.414
8.394	24.365
8.379	24.609
8.408	24.219
8.408	24.170
8.452	24.219
8.496	24.170
8.481	24.121
8.496	23.926
8.525	24.072
8.555	24.072
8.599	23.828
8.555	23.828
8.613	23.779
8.613	23.730
8.628	23.682
8.643	23.682
8.657	23.682
8.745	23.682
8.701	23.633
8.730	23.682
8.774	23.633
8.760	23.633
8.789	23.730
8.774	23.584
8.774	23.486
8.833	23.437
8.833	23.486
8.862	23.535
8.862	23.633
8.892	23.437
8.921	23.437
8.936	23.291
8.950	23.486
8.965	23.535
8.994	23.535
9.009	23.437
9.038	23.584
9.053	23.633
9.053	23.633
9.082	23.633
9.097	23.828
9.126	23.828
9.141	23.877
9.155	23.828
9.185	23.877
9.185	23.926
9.214	23.926
9.229	24.072
9.199	24.072
9.258	24.170
9.287	24.219
9.316	24.219
9.316	24.316
9.360	24.219
9.360	24.268
9.375	24.365
9.375	24.316
9.390	24.561
9.434	24.512
9.434	24.268
9.448	24.512
9.492	24.756
9.478	24.805
9.521	24.756
9.551	24.902
9.551	24.805
9.580	24.902
9.595	24.902
9.624	24.951
9.595	25.098
9.653	25.146
9.653	25.244
9.712	25.098
9.712	25.342
9.727	25.244
9.712	25.195
9.771	25.488
9.785	25.488
9.800	25.488
9.814	25.488
9.844	25.537
9.844	25.586
9.844	25.684
9.902	25.684
9.917	25.879
9.932	25.732
9.946	25.684
9.976	26.123
9.990	25.977
10.020	25.977
10.020	26.172
10.034	26.025
10.049	26.074
10.093	26.172
10.137	26.270
10.151	26.367
10.137	26.367
10.166	26.416
10.195	26.465
10.195	26.611
10.210	26.514
10.254	26.562
10.254	26.660
10.269	26.758
10.298	26.709
10.269	26.660
10.327	19.287
10.371	0.195
10.356	-0.537
10.356	0.000
10.415	0.146
10.400	-0.098
10.459	-0.098
10.459	-0.049
10.532	-0.146
10.488	-0.098
10.503	-0.293
10.547	-0.049
10.503	0.098
10.562	0.000
10.576	0.049
10.576	0.000
10.620	0.146
10.635	0.000
10.664	0.049
10.679	-0.244
10.664	0.000
10.708	-0.098
10.708	-0.146
10.752	-0.049
10.752	-0.098
10.767	-0.049
10.796	0.000
10.840	-0.293
10.840	-0.146
10.854	-0.098
10.884	-0.195
10.884	-0.049
10.957	-0.049
10.928	0.098
10.942	-0.244
10.957	-0.049
10.986	-0.098
10.942	-0.049
11.016	-0.146
11.045	0.000
11.060	0.000
11.089	-0.146
11.118	0.000
11.104	0.098
11.118	-0.049
11.147	-0.098
11.147	-0.244
11.177	-0.049
11.206	-0.146
11.206	-0.049
11.250	0.000
11.250	-0.146
11.294	-0.146
11.323	0.000
11.309	0.146
11.338	0.000
11.353	0.000
11.382	0.098
11.396	0.000
11.426	0.049
11.440	-0.195
11.440	0.049
11.470	-0.098
11.499	-0.098
11.499	0.000
11.528	-0.146
11.499	0.000
11.587	0.000
11.572	0.146
11.587	-0.049
11.616	-0.195
11.631	0.146
11.646	-0.049
11.660	-0.244
11.675	0.000
11.689	0.000
11.719	0.000
11.748	-0.146
11.777	-0.195
11.807	0.000
11.792	-0.195
11.836	-0.146
11.851	-0.146
11.865	0.000
11.895	-0.098
11.909	-0.098
11.924	0.000
11.924	-0.049
11.938	0.146
11.982	-0.098
11.997	0.098
12.026	-0.244
12.041	0.049
12.041	0.000
12.070	-0.586
12.056	-0.098
12.129	-0.098
12.129	-0.098
12.144	-0.049
12.187	-0.195
12.187	-0.049
12.217	0.098
12.231	0.098
12.217	-0.244
12.275	-0.049
12.261	0.098
12.349	-0.049
12.319	-0.537
12.319	0.146
12.349	0.049
12.378	-0.146
12.407	0.098
12.437	0.000
12.422	-0.049
12.451	-0.098
12.451	-0.049
12.466	-0.146
12.510	-0.146
12.524	-0.146
12.568	-0.146
12.583	0.000
12.598	0.244
12.568	-0.098
12.642	-0.049
12.642	0.000
12.642	-0.195
12.729	-0.049
12.715	-0.195
12.729	-0.195
12.744	0.000
12.759	0.049
12.817	-0.146
12.817	0.000
12.817	0.000
12.861	0.049
12.876	-0.293
12.891	-0.146
12.920	0.000
12.935	-0.146
12.964	-0.146
12.979	-0.146
12.993	-0.146
13.022	0.146
13.037	-0.098
13.052	-0.049
13.081	-0.146
13.081	-0.146
13.096	-0.098
13.125	-0.244
13.154	-0.146
13.169	0.000
13.198	-0.293
13.184	-0.098
13.169	-0.146
13.184	-0.049
13.184	-0.098
13.169	-0.244
13.198	0.049
13.184	0.000
13.184	0.049
13.184	0.000
13.154	-0.146
13.169	-0.195
13.154	-0.244
13.198	0.049
13.169	-0.049
13.169	-0.195
13.184	-0.049
13.198	-0.098
13.184	-0.098
13.154	-0.049
13.184	0.000
13.184	-0.049
13.169	-0.244
13.169	0.000
13.184	-0.293
13.184	-0.293
13.184	-0.195
13.169	-0.146
13.184	-0.146
13.184	0.049
13.198	0.146
13.169	-0.049
13.184	-0.244
13.169	-0.049
13.154	-0.049
13.169	-0.293
13.169	-0.195
13.198	-0.146
13.257	-0.293
13.184	0.000
13.169	-0.049
13.169	-0.049
13.184	0.000
13.184	0.049
13.154	-0.342
13.198	-0.244
13.184	-0.098
13.184	-0.049
13.184	-0.293
13.198	-0.146
13.154	0.000
13.228	-0.146
13.169	-0.146
13.184	-0.049
13.213	-0.049
13.169	0.000
13.169	-0.049
13.125	-0.049
